Byte[] lol = {-1, -40, -1, -32, 0, 16, 74, 70, 73, 70, 0, 1, 2, 0, 0, 1, 0, 1, 0, 0, -1, -37, 0, 67, 0, 8, 6, 6, 7, 6, 
5, 8, 7, 7, 7, 9, 9, 8, 10, 12, 20, 13, 12, 11, 11, 12, 25, 18, 19, 15, 20, 29, 26, 31, 30, 29, 26, 28, 28, 32, 
36, 46, 39, 32, 34, 44, 35, 28, 28, 40, 55, 41, 44, 48, 49, 52, 52, 52, 31, 39, 57, 61, 56, 50, 60, 46, 51, 52, 50, -1, 
-37, 0, 67, 1, 9, 9, 9, 12, 11, 12, 24, 13, 13, 24, 50, 33, 28, 33, 50, 50, 50, 50, 50, 50, 50, 50, 50, 50, 50, 50, 
50, 50, 50, 50, 50, 50, 50, 50, 50, 50, 50, 50, 50, 50, 50, 50, 50, 50, 50, 50, 50, 50, 50, 50, 50, 50, 50, 50, 50, 50, 
50, 50, 50, 50, 50, 50, 50, 50, -1, -64, 0, 17, 8, 1, 12, 0, -74, 3, 1, 34, 0, 2, 17, 1, 3, 17, 1, -1, -60, 0, 
31, 0, 0, 1, 5, 1, 1, 1, 1, 1, 1, 0, 0, 0, 0, 0, 0, 0, 0, 1, 2, 3, 4, 5, 6, 7, 8, 9, 10, 11, 
-1, -60, 0, -75, 16, 0, 2, 1, 3, 3, 2, 4, 3, 5, 5, 4, 4, 0, 0, 1, 125, 1, 2, 3, 0, 4, 17, 5, 18, 33, 
49, 65, 6, 19, 81, 97, 7, 34, 113, 20, 50, -127, -111, -95, 8, 35, 66, -79, -63, 21, 82, -47, -16, 36, 51, 98, 114, -126, 9, 10, 
22, 23, 24, 25, 26, 37, 38, 39, 40, 41, 42, 52, 53, 54, 55, 56, 57, 58, 67, 68, 69, 70, 71, 72, 73, 74, 83, 84, 85, 86, 
87, 88, 89, 90, 99, 100, 101, 102, 103, 104, 105, 106, 115, 116, 117, 118, 119, 120, 121, 122, -125, -124, -123, -122, -121, -120, -119, -118, -110, -109, 
-108, -107, -106, -105, -104, -103, -102, -94, -93, -92, -91, -90, -89, -88, -87, -86, -78, -77, -76, -75, -74, -73, -72, -71, -70, -62, -61, -60, -59, -58, 
-57, -56, -55, -54, -46, -45, -44, -43, -42, -41, -40, -39, -38, -31, -30, -29, -28, -27, -26, -25, -24, -23, -22, -15, -14, -13, -12, -11, -10, -9, 
-8, -7, -6, -1, -60, 0, 31, 1, 0, 3, 1, 1, 1, 1, 1, 1, 1, 1, 1, 0, 0, 0, 0, 0, 0, 1, 2, 3, 4, 5, 
6, 7, 8, 9, 10, 11, -1, -60, 0, -75, 17, 0, 2, 1, 2, 4, 4, 3, 4, 7, 5, 4, 4, 0, 1, 2, 119, 0, 1, 2, 
3, 17, 4, 5, 33, 49, 6, 18, 65, 81, 7, 97, 113, 19, 34, 50, -127, 8, 20, 66, -111, -95, -79, -63, 9, 35, 51, 82, -16, 21, 
98, 114, -47, 10, 22, 36, 52, -31, 37, -15, 23, 24, 25, 26, 38, 39, 40, 41, 42, 53, 54, 55, 56, 57, 58, 67, 68, 69, 70, 71, 
72, 73, 74, 83, 84, 85, 86, 87, 88, 89, 90, 99, 100, 101, 102, 103, 104, 105, 106, 115, 116, 117, 118, 119, 120, 121, 122, -126, -125, -124, 
-123, -122, -121, -120, -119, -118, -110, -109, -108, -107, -106, -105, -104, -103, -102, -94, -93, -92, -91, -90, -89, -88, -87, -86, -78, -77, -76, -75, -74, -73, 
-72, -71, -70, -62, -61, -60, -59, -58, -57, -56, -55, -54, -46, -45, -44, -43, -42, -41, -40, -39, -38, -30, -29, -28, -27, -26, -25, -24, -23, -22, 
-14, -13, -12, -11, -10, -9, -8, -7, -6, -1, -38, 0, 12, 3, 1, 0, 2, 17, 3, 17, 0, 63, 0, -64, -16, -26, -128, 46, -75, 40, 
12, -84, 112, 78, 78, 6, 72, -4, 43, -39, -12, -85, 11, 109, 62, 1, 28, 49, -86, -114, -92, -127, -126, 79, -87, -81, 52, -16, -69, -120, 
-82, -29, 45, -128, 15, 61, 112, 113, 93, -27, -50, -82, -74, -118, -82, 64, 42, 112, 73, -18, 1, -17, 93, -77, 87, -47, 30, 83, -107, -91, 
-87, -47, 22, 32, 0, 6, 106, -99, -15, -112, 33, 32, 3, -49, 110, -43, 90, -41, 81, 18, 64, -110, 2, 14, 70, 121, 56, 52, -23, -82, 
-14, -92, -28, 26, -55, 69, -90, 83, -110, 104, -28, -75, -117, 103, -108, 49, 40, 91, -125, -37, 21, -117, 30, -104, 101, -56, 117, 33, -127, -32, 
-113, -27, 93, -92, -14, 36, -96, -98, 49, -56, -26, -80, -81, 111, -19, 116, -21, -120, -46, 96, -22, -46, 46, 84, -123, -56, 60, -29, -41, -41, 
3, -2, 4, 61, 107, 100, -12, -79, -102, -14, 43, 105, -10, -81, 3, -107, 42, 73, 7, 4, 14, -11, 102, -31, -53, 40, 24, 35, 7, -111, 
83, -63, -87, -40, -104, 100, -103, 5, -58, 64, 0, 47, -105, -53, 18, -37, 0, 3, 60, -110, -39, 29, -87, -117, -86, -24, -112, -69, 61, -45, 
77, -55, 56, -52, 71, -100, 3, -112, 7, 126, 84, -81, -41, 3, -66, 104, 29, -101, 46, 104, -74, 11, 60, -126, 67, -112, 87, 32, 113, -58, 
43, -92, 22, -69, 20, 4, -64, -11, 39, -102, -52, -74, -43, -84, 18, -59, -17, 45, 109, -82, 37, -114, 57, -106, 2, 17, 21, 73, 102, 96, 
-93, 27, -104, 2, 50, 64, 39, 61, -6, 98, -97, 115, -30, -115, 58, 45, 50, 107, -30, -14, 121, 81, 72, -79, -112, 83, 4, -18, -63, 82, 
1, 60, -126, 9, 57, -12, 7, -114, -43, -101, -69, 122, 13, 69, 37, -87, 60, -56, 8, 42, -40, 36, -11, 21, 70, 107, 24, -14, 24, -29, 
21, 78, -5, -60, -74, 22, -41, -17, 109, 49, -111, 92, 0, 73, 11, -112, 70, 1, 4, 28, -12, -63, 39, -2, 2, -34, -107, 18, -8, -102, 
-58, 91, -108, -74, 6, 97, 43, 16, -69, 26, 60, 96, -106, -37, -125, -49, 7, 36, 103, -73, -67, 82, 76, -106, -82, 62, -32, 34, 73, -76, 
46, 0, 29, 64, -23, 89, 87, -120, -90, 51, -73, 42, 112, 78, 71, 90, -102, -17, 91, -76, 107, 70, -70, 2, 98, -118, -31, 72, -14, -16, 
65, 32, -107, -29, 60, -125, -116, 15, 82, 69, 87, 26, -75, -125, -62, 89, -68, -46, -124, 19, -68, 38, 87, 3, 7, 36, -25, -95, 4, 31, 
-95, -90, -109, 21, -99, -52, 51, 102, 93, -102, 68, -56, 98, 114, 114, 122, -26, -108, -90, 16, 100, 15, 79, -58, -81, -66, -89, 100, -60, 121, 
108, -27, 88, 18, 15, -106, 64, 32, 2, 78, 15, 124, 14, -65, 81, 85, 46, -82, -31, 72, -106, 86, 73, 64, 105, 76, 96, 21, 0, -28, 
100, 30, 51, -22, 8, -29, -109, 78, -52, 119, 101, 54, 85, 35, 32, -126, 8, -56, 57, -30, -86, -56, -124, -98, 0, -49, -96, 57, -87, -92, 
-98, 0, -124, -27, -120, 85, 12, 70, -34, -96, -112, 7, -13, 20, -79, 58, 76, 92, 32, 108, -87, -63, -56, -63, -49, -7, -17, 70, -93, 76, 
-82, 34, 42, 14, 9, -25, -96, -59, 75, 28, 67, 60, -126, 125, -13, 86, 90, 48, 1, 98, 50, 64, 39, 0, 100, -98, 58, 15, 122, -28, 
-91, -15, -11, -78, -110, -74, -70, 108, -46, -1, 0, -66, -31, 127, 64, 15, -13, -87, -108, -110, -36, -72, 70, 82, -39, 29, 35, 91, -25, 36, 
96, -13, -125, -36, -118, -59, -15, 14, -120, 117, 11, 34, -56, -89, -19, 16, 2, 84, 1, -53, 14, -92, 127, 81, -12, -9, -84, 107, -113, 31, 
-22, 110, 73, -126, -50, -50, 12, -15, -110, -91, -101, -15, 36, -29, -12, -84, -101, -113, 20, -21, -77, -110, 27, 80, 117, 7, -2, 120, -128, -97, 
-6, 8, 21, -101, -102, -20, 111, 26, 83, -67, -18, 102, -104, -54, -52, -34, 102, 115, -4, -24, -85, -111, 47, -37, -95, 27, -101, -9, -86, 126, 
98, 123, -118, 42, 108, 105, -19, 109, -93, 61, 107, 77, 50, -35, -53, 31, -39, 99, 5, -112, 18, 79, 76, -29, -79, 38, -74, 111, 46, -91, 
17, -123, -99, 89, 88, 14, -128, -25, 31, -107, 79, -95, -40, -68, -19, -28, 89, 91, 6, 32, -27, -117, 28, 42, -113, 82, 107, -87, -76, -16, 
-96, -102, 127, 62, -6, 53, -112, -128, 64, 82, -7, 83, -17, -127, -51, 111, 41, 36, -11, 56, 57, 92, -98, -121, 47, -90, -22, -37, 34, 72, 
-104, -74, 64, -64, 4, 117, 30, -126, -92, -5, 121, -13, -119, 98, -61, 32, 0, 9, -56, 30, -75, 119, -60, -38, 101, -82, -111, 16, 48, -121, 
82, -60, -128, 8, -55, 30, -104, 61, 127, 10, -28, -99, -28, -106, 98, 29, -74, -111, -110, 23, -100, -100, -6, -118, 21, -102, -70, 19, -70, 118, 
103, 64, 117, 52, -34, 21, 27, 32, 28, 53, 79, -10, -69, 89, -54, -103, 81, 28, -128, 118, -105, 80, -40, -28, 30, 51, -45, -112, 15, -44, 
15, 74, -64, -73, 17, 90, -61, -66, 102, 14, -28, -28, -32, -12, -10, -89, 77, 106, 103, -115, -27, -120, 60, 127, 46, -32, 24, -32, 103, -80, 
31, -123, 59, 33, -22, 108, -80, -45, -120, 98, 108, -19, -56, 96, 65, 38, 32, 122, -100, -112, 125, -119, -25, -21, 78, 91, -99, 54, 4, 102, 
107, 104, 28, -79, -55, 34, 48, 114, 71, 0, -98, 58, -128, 5, 97, 71, 5, -18, -96, -79, -59, 108, 6, 118, -125, 35, 57, -64, 7, -80, 
63, 95, -21, 80, 92, 90, -22, 22, -20, 34, -102, 6, 25, 32, 6, 39, 32, -100, -6, -10, 20, 37, 126, -95, 118, -114, -127, 53, -37, 72, 
-106, 68, -114, -46, 20, -115, -104, 51, 40, 80, 3, 48, 57, 7, 29, 50, 8, 7, -21, 80, 29, 86, -38, 120, -34, 33, 107, 10, -93, 49, 
114, -126, 49, -126, -60, 16, 88, -116, 114, 72, 36, 103, -48, -42, 67, 73, 105, 101, 10, 73, -87, 108, -120, 51, 5, 5, -50, 1, 36, -15, 
-8, 125, 127, 28, 85, 1, -30, 13, 42, 45, 122, 13, 62, 61, -41, 6, 114, -96, 75, 9, 12, -118, 88, -32, 12, -125, -109, -17, -114, -108, 
104, -123, -85, -40, -22, -79, 27, -80, 118, -122, 50, 64, 0, 49, 80, 72, 0, 16, 7, -28, 72, -6, 19, -21, 79, 75, 59, 70, 69, -116, 
-37, 66, 16, 96, 1, -27, -116, 12, 116, -19, 89, 90, -42, -71, 99, -94, 90, 77, 43, 77, 4, -109, 70, 62, 88, 4, -54, 25, -49, 25, 
3, -82, 14, 14, 122, 87, 7, 39, -60, -67, 82, 41, 101, 49, -37, -39, -19, 103, 44, -118, -37, -104, -86, -15, -14, -28, 16, 15, 78, -67, 
121, -95, -76, -121, 24, 78, 91, 30, -66, -80, 89, -59, 108, 33, -118, 24, 85, 11, -122, -38, 35, 0, 22, 4, 16, 113, -114, -71, 0, -125, 
-19, 88, 54, -70, -10, -125, 113, 119, 117, 102, -90, -38, 35, 110, -30, 56, -55, -64, 18, 12, 40, -56, -29, 3, 4, 1, -8, 14, -43, -27, 
19, -8, -41, 90, -71, -71, 23, 47, -88, 75, 20, -127, 74, 1, 2, -124, 1, 73, 4, -116, 119, -28, 14, 79, 60, 86, 48, -69, 98, 89, 
-101, 46, 73, -22, 73, 61, 105, 41, 35, 79, 99, 46, -89, -66, 52, 22, 18, -17, 11, 13, -77, -110, 64, 108, 42, -100, 17, -48, 28, 119, 
25, -82, 115, -59, 26, -46, -24, 48, -62, -19, -90, -3, -91, 37, 118, 4, -25, 106, -87, 60, -100, -110, 15, 39, 39, -21, -51, 121, -83, -90, 
-75, 127, 99, 27, 67, 107, 115, 45, -70, 72, 65, 101, -115, -74, -28, -29, 25, 61, -1, 0, 26, -87, 121, 119, 60, -1, 0, -21, -82, 26, 
66, 58, 6, -112, -73, -11, -95, -75, 96, -115, 39, -51, -87, -23, 23, 58, -90, -118, -79, 36, -110, -53, 105, 31, -104, 3, 4, 36, 22, 27, 
-128, 36, 16, 51, -125, -21, 86, 96, 16, -53, 26, -51, 111, -27, -104, -28, 25, 87, 65, -61, 3, -33, 63, -123, 121, 1, 101, -29, 37, -77, 
-24, -96, 127, 62, -11, 127, 69, -42, 110, 52, 107, -43, -72, -115, 75, -58, 114, -81, 25, 98, 3, 3, -4, -120, -32, -125, 83, -49, -83, -115, 
30, 31, 77, 25, -21, 112, -113, -34, 3, -55, 32, -114, -75, -27, 26, -50, -102, 44, 53, -51, 70, -37, 110, 4, 115, 18, -68, -29, -27, 110, 
87, -12, 34, -67, 115, 72, -72, 75, -3, 54, -34, -15, 35, 10, -77, 38, -16, -124, -125, -116, -25, 35, 61, -16, 123, -41, 17, -15, 6, -60, 
-59, -81, 90, -35, -126, 21, 110, -96, -40, -40, -18, -54, 112, 127, 66, 41, 73, 94, -52, -118, 82, -77, 104, -32, -114, 1, 35, -123, 32, -11, 
-57, 81, 73, -69, -89, 57, -19, -49, 20, -7, -44, -85, -32, -127, -112, 112, 104, 6, 45, -83, -112, -39, -57, 29, 48, 79, -65, -73, 94, -107, 
-101, 59, 86, -86, -29, 22, 89, 35, 98, 81, -120, 39, -46, -118, 104, 102, 29, 9, -94, -89, 82, -84, -69, 31, 100, -40, -38, 90, 88, 68, 
86, -39, 2, 103, -106, 60, -110, 120, -85, -126, -11, 80, 16, 72, 7, -80, -12, -84, -117, -7, -34, -37, 14, 48, 19, -48, 26, -28, -17, -11, 
-73, 23, 17, -80, -104, 21, 108, -16, 56, -63, -29, 25, -3, 107, 85, 11, -22, -49, 59, -38, 114, -24, -115, -97, 17, 77, 108, -13, -57, 52, 
-92, -103, 17, -122, -33, -101, -90, 61, -67, 43, -105, -44, -89, -122, 89, 27, 105, 0, 49, -7, 72, 28, -125, -33, 21, 94, -14, -3, -26, 114, 
100, -108, 16, 122, -100, -25, 35, 29, -85, 63, 79, -106, 18, -17, 44, -52, 88, 33, 59, 6, 122, -42, -87, 89, 24, -74, -37, -71, -95, -89, 
105, -57, -56, -72, -102, -20, 23, 33, 72, -115, 88, 124, -72, 61, -3, -51, 58, -30, 88, -20, -83, -31, -101, 87, -99, 45, -103, -91, 0, -127, 
-110, 54, -114, -128, 17, -41, 56, -25, -89, 90, 34, -43, -15, -88, -64, -46, -36, -7, 98, 86, 41, 26, 109, -55, 99, -114, 122, -6, 113, -102, 
-126, -5, 90, -80, -102, 9, 32, -70, -74, -102, -7, 99, -112, 2, 46, 35, 12, 75, 16, 78, 64, 24, -64, 29, -72, -64, -49, -91, 75, 110, 
-27, -81, 50, -98, -67, -30, -101, 25, 116, -119, -93, -46, -82, 37, -33, 50, -18, 71, -121, 8, 84, 3, -56, -28, -25, 56, 4, 96, 118, 38, 
-74, 110, -11, -77, 97, -96, 89, 92, -58, -126, -26, 25, 98, 0, 7, 39, 104, 32, 99, 4, -114, 127, 19, -23, 94, 115, 5, -114, -123, -10, 
-1, 0, -77, -53, 109, 117, 19, 76, -29, 100, -110, 76, -96, 70, 15, -88, 0, 12, 117, -21, -12, -30, -69, -55, -94, -78, -46, -68, 57, 53, 
-119, -68, 19, 44, 77, -5, -41, -109, 4, -86, -110, 48, 20, 14, 0, 3, -127, -17, 82, -35, -115, 20, 83, 90, 51, 10, -13, 66, -110, 107, 
-58, -42, 53, -69, 51, 58, 6, 86, 41, 15, 42, 73, 28, 2, -71, -32, 0, 1, 60, -3, 122, -41, 21, -81, -81, -6, 107, 79, 28, 75, 
0, 36, -127, -77, -128, 112, 113, -64, 21, -24, 94, 44, -15, 5, -68, 26, 61, -123, -91, -117, -103, -83, -40, 103, 24, 57, 85, 7, 3, 36, 
-98, 65, -4, -21, -103, -65, -68, -79, -98, -60, -122, -79, 69, -101, 121, -53, 59, -110, 84, 125, 61, 79, 122, -88, -73, 37, -87, 46, 92, -78, 
93, -114, 82, -34, -48, -36, 100, -28, -111, -36, -114, -89, -13, -86, -73, 118, -19, 19, -32, 35, -16, 72, 12, 121, -4, 62, -75, -67, 21, -30, 
-60, -61, 102, -52, 110, 63, -22, -44, 96, 15, 96, 123, -42, 93, -11, -64, 118, 46, 68, -72, -34, 126, 102, -23, -97, -15, -94, 73, 37, -87, 
-91, 58, -110, 115, -37, 66, -110, 36, -92, 33, 11, 18, 6, 7, 5, -79, -56, -11, 57, -51, 2, 54, -58, 26, 66, 3, 46, 64, 80, 78, 
79, -89, -1, 0, 94, -99, 19, -96, 88, -104, -104, 71, 39, 36, -28, -97, -60, 82, -59, 58, -119, 87, 44, -22, -96, 21, -35, 31, 83, -12, 
6, -78, -46, -57, 86, -83, -40, 124, 112, -122, -113, 63, -68, -63, 80, -64, -80, -64, 39, 60, -29, -44, 84, -83, 10, 46, 126, 72, -44, 21, 
-56, -36, -7, 35, -14, -17, 80, 59, 52, 49, -95, 88, -27, 24, 4, 22, 108, -112, 71, -96, 4, 113, -38, -92, -123, -39, -42, 54, 81, 10, 
-11, 25, 36, 30, 125, 72, -26, -86, 50, 76, -102, -108, -27, 23, -88, -84, 20, 22, -61, 99, 32, 48, 1, 51, -97, -57, -75, 50, 83, -35, 
-61, -31, -64, 33, -100, 117, 35, -82, 49, -38, -112, 70, 22, 96, -82, -32, 46, 72, 44, -96, -100, -5, -5, -13, 75, 36, 97, -93, 59, 86, 
86, 42, 122, -29, 0, 15, -24, 104, 110, -38, -109, 21, 118, -110, 61, 39, -64, -70, -105, -37, 52, 79, -77, 57, 93, -42, -51, -75, 112, 64, 
37, 78, 79, 79, 98, 72, -49, -46, -99, -15, 10, -44, -53, -31, -88, -18, -44, -110, -10, -105, 10, -60, -111, -56, 86, -7, 79, -21, -74, -71, 
-97, 9, 36, 54, 26, -19, -84, -122, 64, -85, 36, 78, -128, -77, 0, 11, -112, 48, 51, -33, 56, 35, 6, -67, 11, 84, -75, -2, -46, -47, 
111, 108, -80, 51, 52, 44, -85, -57, -15, 99, 35, -11, 2, -110, -105, 50, -48, -118, -12, -98, 30, -78, 82, 60, 78, -27, 115, -13, 116, -28, 
-125, -20, 106, -89, 111, 94, -36, -43, -67, -26, 108, 7, 24, 44, -99, 125, -57, 25, -6, -15, -118, -128, -82, 15, 76, -5, 84, -67, 77, -30, 
-19, -95, 23, 83, 69, 94, 73, -92, 88, -124, 104, -60, 40, 57, -7, 64, 4, -3, 72, -28, -2, 52, 81, -54, 62, 115, -23, -83, 114, 121, 
35, -75, 46, -52, -92, 19, -14, -116, -12, -4, 61, 107, -52, -81, 117, 6, 12, -20, -27, 68, 106, 14, 73, -50, 115, -97, 79, 74, -24, 53, 
13, 73, -122, -100, -86, -18, 93, -50, 115, -110, 73, 7, -109, -8, 113, 92, 69, -19, -42, -30, 112, -64, -79, 57, 35, -46, -70, -94, -113, 50, 
-6, 92, -76, 47, 76, -40, 1, -119, 4, 103, 29, 48, 61, 49, 90, -106, 68, -32, 46, 0, 81, -63, 38, -79, 108, 34, 14, -63, -50, 7, 
112, 107, 118, 24, -39, -112, -19, -32, -114, -92, 83, 100, -33, -87, -109, -30, 125, 109, -76, -11, -114, -50, 50, -93, 114, 25, 88, -114, -86, 51, 
-123, 3, -48, -100, 31, 78, 43, 58, -61, 81, -65, 58, 99, -76, 111, 41, 45, -5, -58, 62, 112, 80, 72, -63, 62, -25, -21, -102, -56, -44, 
-31, -70, -67, -15, 36, -48, 94, -113, -34, -69, 44, 105, -76, 99, 43, -47, 72, 28, -11, 24, 63, -115, 117, 26, 111, -123, -31, -44, -20, 111, 
44, 100, 115, 8, 88, -9, -84, -96, 16, -119, -125, -55, 108, -98, 7, 4, 117, 39, 57, -64, 53, -25, -30, -79, 74, -126, 87, 103, -65, -106, 
-27, -85, 19, 25, 77, -21, 111, -52, -27, 62, -45, 46, -93, 46, -13, -75, -16, 50, 90, 67, -64, 30, -124, -98, -8, -23, 90, 19, -22, 115, 
53, -97, -40, -51, -54, -72, -64, 94, 114, 91, 3, -79, 56, -25, -73, 95, 74, -77, 7, -124, -17, -76, -24, 101, 111, 34, 73, -95, 127, -103, 
10, -95, 108, 15, 92, 119, -11, -49, 78, -122, -102, 52, -76, 15, -9, 124, -55, 25, 55, 46, 114, 113, -127, -110, 64, 30, -34, -75, -83, 60, 
77, 42, -111, -70, 104, -30, -83, -128, -81, 74, 110, 14, 59, 28, -12, -41, -78, -54, -52, -127, 100, 113, 18, -122, -50, 113, -76, 14, -3, 63, 
42, 127, -38, 46, 110, -29, 46, 72, 98, 72, 5, -104, -28, -109, -2, 122, -41, 85, -91, 104, -23, -88, 71, 115, 59, 68, -63, 37, -123, -125, 
72, -64, -115, -72, 32, 28, -114, -8, 29, 49, -22, 43, -100, -110, -56, -39, 28, 42, 41, 30, 96, 33, -55, -58, 125, 56, -12, -87, -89, -119, 
-116, -22, 56, 39, -79, -75, 108, 4, -23, 81, -116, -36, 117, 51, -44, -56, -105, 76, 90, 65, -9, -113, -35, 83, -7, -118, -118, -22, 0, -56, 
-20, 22, 66, 119, 117, 61, 49, -18, 61, 107, 70, 104, -38, 76, 75, -126, 10, -74, 89, -112, 103, 0, 119, 20, 37, -119, -72, -73, -72, -107, 
60, -57, 17, -60, -46, 18, 72, 3, 3, 28, -29, -83, 109, 38, -83, -87, -51, 14, 102, -45, -79, -114, -93, -53, -127, 92, -57, 31, 15, -44, 
-100, -109, -11, 30, -107, 45, -110, -7, -41, -86, 3, 21, -55, 39, 114, -116, 28, -32, -98, 63, -105, -29, 73, -10, 119, -106, 50, 4, 92, 110, 
3, -52, 39, -90, 72, 0, 87, 91, -31, 107, 82, -71, -5, 116, 14, 98, -127, 90, 80, -111, -88, 82, -19, -100, 0, 24, -15, -69, -90, 6, 
58, 19, -23, 92, -107, -22, 123, 56, 92, -12, -16, 20, 21, 106, -74, 98, -23, -102, 68, 26, -120, -119, 31, -26, 14, -97, 46, -30, 114, 6, 
9, 57, -49, -72, 62, -2, -107, 87, -60, -38, 9, -48, -17, -43, 32, -126, 17, 28, -104, 42, 85, -61, 2, 56, -63, 7, 36, 99, 57, 4, 
117, 24, -26, -74, -65, -75, 45, -76, -92, 75, -44, -80, -72, 50, -58, -37, -60, 108, -63, 84, -109, -98, 73, -63, -32, -100, -16, 0, -17, 89, 
-38, -113, -113, -81, -82, -27, -5, 76, 122, 109, -86, 2, 120, 45, 10, -79, 25, -20, 88, -128, 115, -114, -3, 72, 3, -98, 43, -49, -89, 58, 
-2, -45, -102, 63, 9, -18, -29, 41, 97, -71, 61, -100, -12, 102, 88, -47, 47, -27, -14, -26, 40, 60, -73, 36, 3, 24, 36, 6, 28, 99, 
-40, -12, -83, 103, -16, 117, -8, -118, 41, 101, 75, -128, 11, -104, -27, -35, -14, -107, -63, 24, 36, 117, 32, -126, 112, 7, -91, 89, -47, 60, 
73, -81, 107, 8, 116, -24, -81, -33, -19, 19, 73, -104, -93, -115, -126, 101, -113, -48, 12, 12, 117, -28, 99, 21, -83, 117, 107, 117, -92, 68, 
-17, 121, 112, 102, -65, -111, 60, -58, 93, -60, 42, 21, 32, 100, 28, -27, -119, -63, 24, -23, -57, -67, 58, -72, -70, -86, 92, -114, -55, -103, 
97, 50, -20, 51, 124, -21, 84, 99, 71, -31, 107, -56, -76, 107, -23, 101, 69, 83, 110, 4, -48, -106, 32, -18, -38, -57, 56, 25, -55, 4, 
10, -122, 47, 26, 106, -5, 67, 44, -112, 115, -49, -6, -95, 84, -33, -60, -110, 54, -71, 29, -29, -71, -103, 8, 2, 80, 123, -116, 16, 70, 
49, -114, -98, -107, 71, 100, 49, -49, 44, 81, 96, -94, -71, 3, 39, -100, 19, -111, -6, 17, 93, -72, 63, 104, -101, 85, 58, -98, 78, 115, 
-20, 106, 70, 51, -91, -45, 67, 38, -27, -100, 79, 35, 112, 8, -108, -100, 14, 0, -35, -23, -19, 72, -64, -80, 4, 116, 97, -111, -2, 31, 
-25, -42, -83, -36, -59, 9, -72, 1, -36, -58, -82, -68, -80, 25, -63, 30, -94, -93, 54, -17, 1, 8, -64, 56, -5, -56, 70, 72, 97, -20, 
69, 117, 90, -51, -98, 98, -107, -46, 99, 34, 80, -53, -50, 40, -89, -127, -45, 35, -96, -59, 21, 68, -74, 117, 55, 122, -100, -45, -52, -46, 
22, 42, -51, -128, -59, 120, 36, 12, -29, 39, -37, 39, 31, 90, -86, 11, -73, -50, 67, 96, -100, 114, 58, -3, 43, -68, -16, 55, -125, -110, 
-2, 39, -70, -43, -84, -44, -62, 112, 98, 18, 56, 5, -105, 4, -25, 0, -25, 4, -32, -28, -30, -83, 120, -65, 71, -45, 96, -108, 20, 100, 
83, -125, -74, 24, 83, 10, 51, -48, 103, -73, -87, -83, -7, -43, -20, -114, 54, -76, 56, -101, 73, -9, -50, -111, 41, -7, -56, -56, 0, 100, 
-127, -17, 93, -107, -126, 4, -116, 14, 56, 28, -6, -26, -71, 77, 62, -39, -83, 110, -104, -120, -50, 24, -3, -29, -55, -4, -21, -90, 123, -79, 
-90, -24, -41, 87, -46, 112, 33, -120, -80, 4, 117, 56, -7, 64, -11, -55, 32, 126, 52, -90, -12, 20, 99, 121, 36, 101, 77, -32, -19, 95, 
81, -15, 44, -70, -108, 63, -72, -73, -34, 90, 25, -119, 24, 5, 0, 11, -55, -29, -106, 24, -57, -41, -114, 13, 122, 14, -109, -32, -21, 99, 
98, -30, -14, -4, 71, -87, -50, -53, -99, -8, 100, -7, 78, 6, 0, 56, 25, -25, -111, -113, -50, -68, 39, 76, -42, -75, -69, 82, 94, -37, 
81, -107, 0, 117, 98, 26, 67, -126, 70, 64, 24, -50, 49, -13, 26, -18, -76, 79, 28, -33, 71, -88, -63, 13, -12, -85, 58, -77, 31, -99, 
84, 2, 1, -32, 99, 29, -72, -3, 115, 95, 47, -104, -48, -58, 75, -34, -47, -82, -57, -38, 96, 43, 81, -27, -10, 116, 31, 43, 61, -89, 
-2, 17, 40, 86, -64, -60, 47, 38, 97, 39, 4, -77, -105, -37, -12, -49, 79, 79, -89, 21, -62, 107, 26, 46, -113, -93, -8, -122, 88, 75, 
77, 60, -91, 6, 22, 60, 124, -118, 71, 57, -57, 60, 14, 120, 29, -22, 91, -17, 24, 107, -111, -33, 33, -118, 88, -106, -52, 72, -86, 60, 
-68, 48, 57, 32, -11, -49, 57, -24, 113, -114, 51, 85, 53, 15, 17, -40, -90, -73, 53, -38, 91, 77, 50, 70, -113, -28, -58, -100, 52, -78, 
59, 2, 114, 121, 32, 40, -32, 113, -100, -118, -13, 104, -63, -17, 5, 107, -17, -87, -24, -48, -62, 87, -124, -71, -86, -5, -55, -10, 27, 105, 
-87, -38, -39, -37, -55, 13, -80, -75, -61, -85, 49, -13, -127, 39, 111, 124, -126, 70, 1, -57, 3, 0, -15, -100, 86, 62, -93, -31, -37, 93, 
68, -55, 37, -115, -92, -110, -62, -120, -65, 51, 28, -14, 70, 72, 60, -2, 71, -65, -29, 79, -65, -68, -46, -75, 107, 59, 68, -117, 77, 95, 
-75, -63, 11, 52, -90, 73, -120, 99, -48, -125, -116, -114, -103, 56, -49, 80, 78, 107, 39, 79, -102, 114, 24, 91, -62, -111, 67, 4, 101, -26, 
13, 63, 24, 4, 16, 114, -57, -26, -50, 79, 64, 73, 3, -127, 93, 116, -93, 42, 82, -25, -125, -44, -22, -83, -122, -123, 104, -75, 53, 98, 
-75, -74, -123, 53, -74, -83, 28, 50, 67, -27, -60, 24, 52, -123, -108, -123, 3, -82, -34, -100, -109, -64, -59, 79, 30, -125, 2, 37, -4, 86, 
-82, -25, -49, 70, 80, -41, 12, 54, -90, 121, 7, 0, 123, 1, -100, -98, -11, 111, -59, -70, -78, 92, 91, 92, 75, 109, 39, -17, -107, 67, 
18, -71, 10, 48, 64, -29, -71, -50, 69, 100, -8, 98, 45, 99, 86, -102, 37, 17, 75, 36, 76, 72, 95, 48, 18, 17, 71, -65, 36, 14, 
79, 61, 7, -48, 87, 67, -83, 90, -92, 61, -92, -99, -68, -114, 74, 56, 44, 53, 22, -87, 78, 55, -45, 126, -60, 90, 127, -126, -42, 123, 
120, 26, 107, -89, 89, -94, 98, 101, -114, 37, 36, 96, 28, -116, 30, -25, -34, -70, 109, 59, 67, -65, -37, 61, -67, -116, 13, -120, 65, -107, 
-107, -94, 12, -60, 30, -4, -32, 28, 113, -57, 92, 103, -118, -12, -17, 15, -8, 46, -39, -93, -118, -18, -20, -60, 78, -33, -102, 24, -101, 114, 
-85, 103, 39, 45, -98, 123, 3, 92, -9, -60, 77, 70, -2, -53, 80, 16, 65, 123, 37, -83, -85, 97, 21, 83, 42, 57, 3, 39, 42, 62, 
108, -111, -128, 15, 35, -98, -128, -42, 114, -99, 106, -102, -43, 122, 48, -62, -49, 15, 26, -66, -57, 11, 21, 126, -20, -13, 127, 16, 90, 59, 
-61, 116, -41, 35, 12, -83, -76, 46, 64, -63, 39, -114, 20, -128, 64, -56, 32, -25, 24, -57, 90, -25, -33, 64, 55, -106, 17, -37, -63, 6, 
-37, -100, -109, 36, -124, -106, -56, 25, 24, 28, -32, 12, -125, -7, 122, 87, 85, 62, -106, -9, -90, -24, -99, 78, -58, 56, 99, -117, 121, 51, 
59, 35, 96, -25, 24, 64, 50, 9, -29, 0, 14, -8, -84, 59, 125, 66, -53, 73, 91, 119, -106, -24, 92, 76, -53, -72, -123, 86, -7, 58, 
-116, 18, -64, 28, -16, 114, 0, 35, -34, -73, -91, 41, -88, -5, -102, -77, -93, 22, -16, -14, -105, -17, 59, 110, 92, -16, -98, -104, -34, 26, 
-76, -72, -43, 47, -120, -114, 51, 27, 71, 30, 24, 22, -107, -7, 25, 82, 14, 85, 70, 112, 79, 60, -3, 43, -98, 111, 18, -22, 13, -88, 
77, 115, 7, -53, -26, 18, 0, 24, 56, 82, 48, 64, -50, 72, 24, -30, -83, -8, -117, -60, 39, 84, -5, 36, 22, 22, -26, -46, -34, 37, 
33, 99, 46, 24, 28, -100, -109, -64, -32, -109, -100, -116, -98, -57, -114, 107, -100, -115, 74, -32, 110, -37, -49, 36, 118, -82, -52, 54, 25, -55, 
-70, -75, -106, -84, -7, -84, 94, 97, -20, -46, -91, -122, 122, 34, 64, 29, -47, 89, -41, 0, 13, -96, -11, 39, 28, 115, 83, 70, 2, -54, 
64, 12, 73, 0, -109, -49, 97, -113, -28, 5, 49, 66, -126, 114, -28, -29, -111, -24, 77, 75, -13, 38, -46, 65, 25, 0, -29, -90, 65, -24, 
107, -46, 73, 43, 88, -16, -27, 81, -55, 52, -6, -124, -47, -119, 87, 105, 56, 61, -113, 127, -25, 89, 41, -66, 57, 2, -110, 112, -92, -15, 
-23, -21, 91, 36, 14, -103, 31, -104, -1, 0, 10, -95, 117, 30, -39, 119, 14, 65, -21, -118, 114, 93, 73, -93, 47, -78, -57, -69, 38, -17, 
-108, 21, 82, 51, -126, 115, 69, 66, -116, 59, -25, -13, 20, 80, 93, -113, 125, -78, -43, -19, -19, -4, 63, 110, -96, 0, -58, 48, 9, -56, 
-50, 113, -36, -114, -75, 12, 49, -37, 75, 24, -112, -126, -18, 121, 98, -32, -100, -116, 112, 77, 65, -30, -99, 4, -40, 91, -59, 20, 5, -62, 
0, 1, 29, -127, -20, 70, 62, -122, -85, 11, -7, 4, 6, 57, 93, 88, -112, -69, 72, -32, -127, -116, 16, 125, -13, 77, 119, 71, 43, 43, 
79, 20, 43, 35, 20, 10, -93, 36, -32, 14, 9, -84, 47, 26, -34, -104, -4, 55, 5, -78, -112, 13, -52, -29, 32, 127, 117, 6, 79, -22, 
86, -73, -46, 51, 49, 24, 82, 23, 57, -55, -24, 79, 124, 87, 23, -29, 123, -127, 46, -69, 29, -86, -3, -37, 88, 2, -111, -2, -45, 124, 
-57, -12, 42, 63, 10, -83, -12, 42, -97, -59, 126, -57, 55, 108, -63, 92, 110, 80, -61, -95, 4, -98, 61, -8, -82, -118, -38, -39, 22, 91, 
105, -104, -112, -59, 85, -107, 7, 3, -100, -32, 119, -10, -84, 17, 22, 64, -64, 25, 39, -118, -33, -46, 30, -16, -33, 35, 64, 87, 116, 74, 
-45, 16, -40, 0, 42, -87, 61, 15, 3, -110, 48, 61, -58, 59, 87, 62, 35, 72, 54, -50, -4, 27, -26, -83, 20, -69, -99, -44, -41, 49, 
-36, 120, 117, 7, -97, 20, 48, -57, 41, -111, -74, 0, 114, 6, 48, 9, -20, 7, 35, -12, -88, -84, -81, 98, -46, -27, 73, -20, -17, -30, 
42, 95, -27, -108, -56, 55, 18, 112, 10, -128, 65, -55, 60, 3, -116, -29, -98, -107, -60, -33, 72, 7, -110, 65, -116, 9, 21, -108, 34, 55, 
77, -92, 2, 72, 28, 2, 121, -6, -14, 106, -109, -33, 73, 22, -95, 106, 80, 29, -111, 46, 118, -128, 0, 60, -109, -44, -2, 21, -30, 67, 
47, 114, -117, 119, -47, -97, 91, 83, 55, -123, 41, -5, 29, -43, -75, -7, -98, -111, 15, -10, 36, -9, -80, 93, 27, -95, 113, 116, -61, -56, 
102, 101, 97, 24, 124, -128, 11, 41, -57, -54, 50, 58, 16, 8, -56, 56, -89, -22, -74, 58, 76, -109, 93, 23, -44, 33, -110, -29, 106, 41, 
85, 81, -5, -71, 11, 21, -58, -48, 54, -32, -10, -28, -112, 107, -123, -46, 110, 94, 91, 56, 67, 7, -13, 12, -59, -114, -29, -22, -61, -45, 
-126, 42, -68, -77, -92, -83, -88, -7, -45, -99, -110, 74, 8, 49, 0, 78, 70, -20, 112, 77, 101, -11, 6, -91, -15, 61, 63, -52, -46, 24, 
-8, -23, 56, -109, 107, -106, 90, -106, -99, -67, 98, 18, 33, -64, 7, 0, -110, 48, 78, 20, 14, -61, 35, -109, -41, -127, -23, -49, 87, -31, 
-39, 46, -95, -5, 51, -121, 62, 109, -50, 23, 98, 18, 75, -110, 50, 64, 3, -98, -40, -6, -26, -78, 110, -4, 67, 43, -62, -14, 93, -52, 
-9, 16, -94, 34, -96, -35, -126, -95, 64, 11, -76, -3, 9, 62, -121, -67, 109, -24, -73, 81, -39, 105, 86, -38, -124, -80, 73, -103, 25, -42, 
-57, -28, -63, 98, 17, -114, -14, 114, 48, 6, 58, -9, 39, 34, -85, 17, 10, -98, -51, 65, -93, 122, 88, -118, 15, -102, -94, 122, -75, -79, 
-42, 107, 94, 49, -74, -16, -42, -113, 109, 10, 74, -79, -54, -60, 43, 65, 25, 14, -56, 89, 78, 73, 36, -31, 115, -49, 79, -21, 94, 105, 
-30, -65, 29, -22, 90, -44, 43, 98, -17, 50, 71, 17, 83, -65, 63, 43, 17, -23, -128, 56, -4, 79, 74, -63, -44, 53, -69, -69, -48, 98, 
84, 85, 12, -27, -56, 69, 0, -28, -127, -36, -98, -97, -115, 87, -110, 43, -89, -73, 51, 56, 6, 5, 85, -58, 7, 32, -98, 0, 39, 30, 
-57, -67, 111, -126, -53, -93, 69, 39, 61, 89, -32, 98, 49, 105, -89, -20, -66, -2, -91, -121, -42, -17, 6, -101, 20, 107, -80, 8, -44, 6, 
114, 62, 98, 1, 36, 3, -22, 58, 86, 108, -10, -41, 62, 76, 119, -77, -19, 41, 43, 50, 41, 85, 32, 101, 64, 36, 14, 0, -24, -61, 
-91, 55, -53, -36, 9, 50, 96, 0, 14, -45, -48, -2, -76, -72, 27, 20, 121, -114, -64, 15, -70, 73, -64, -6, 14, -126, -67, 88, 80, 80, 
119, -118, 60, -102, -8, -23, 86, -118, 82, 100, 66, 53, -62, -106, 114, 121, -63, 29, -64, -3, 105, -34, 90, -28, -19, 39, 111, 65, -102, 126, 
-43, 10, 65, 95, -101, 60, 26, -105, 4, -32, -120, -10, -114, -125, 3, -83, 116, 36, 121, -18, 67, 84, -128, -64, -84, 121, -29, 24, 61, 9, 
-87, 68, 46, -14, 34, -19, -53, -65, 42, 1, -55, -21, -128, 48, 57, -49, 28, 15, -91, 27, 100, 49, -28, 15, -112, 30, 15, -72, -25, -113, 
-50, -100, -47, -112, -120, -20, -60, -106, -24, 80, 116, -57, 108, 113, -51, 54, -97, 66, 83, 24, 23, 32, 49, 99, -22, 64, -57, -8, -43, 121, 
-29, -54, 18, 89, -114, 57, 25, 34, -82, 36, 101, 81, -127, 24, 36, -16, 8, 25, -1, 0, -21, 118, -90, 58, -116, 30, 14, 58, -32, 1, 
78, -41, 66, -116, -102, 102, 72, 63, 49, -29, -14, -94, -92, 100, -38, -59, 72, 29, 104, -84, -20, 116, -36, -9, -1, 0, 18, -35, -68, -101, 
-44, 2, 70, 1, 7, 57, -4, 15, -95, -82, 66, -38, -46, 89, 37, 62, 96, 102, 76, -126, 114, 112, 9, -12, -57, -91, 117, 23, 50, -63, 
-87, -23, -55, 60, 71, -52, -122, 69, 12, -84, 9, 25, 25, -56, 60, 96, -126, 8, -23, -19, -118, -49, -38, -34, 96, -62, -112, 115, -110, 49, 
-44, 119, 21, 107, 69, 99, -110, -27, -56, -91, -114, 56, 33, 46, -118, -68, 5, -64, 92, -112, 125, 7, -21, -51, 121, 6, -91, 59, 106, 26, 
-67, -35, -31, 57, -13, -90, 102, 4, -6, 19, -57, -24, 5, 122, -34, -84, -51, 97, -31, 123, -21, -97, -71, 32, -120, -94, 96, -1, 0, 19, 
29, -93, -7, -26, -68, -95, 109, -54, -107, 24, 29, 56, -56, -51, 56, -85, -126, -105, 41, 26, 32, 44, 6, 14, -20, -16, 79, -11, -83, -67, 
8, -63, 46, -73, 2, -54, -92, 71, 28, 44, -46, -100, 14, -64, -100, -10, -20, 0, -86, 48, -37, 23, -111, 75, 124, -88, 79, 4, -116, -113, 
-45, -4, -13, 82, -37, -37, -55, 45, -23, 116, -38, -69, -107, -29, 81, -110, 0, 37, 64, -57, 29, -78, -61, -82, 107, 44, 68, 84, -96, -30, 
118, 96, 38, -31, 90, 51, -75, -52, -72, 93, -90, -111, -99, -14, 1, 28, 2, 115, -116, -110, 78, 41, 24, 15, 58, 71, -34, -96, -123, 43, 
-128, 9, 32, 17, -114, 122, 14, -11, 114, -50, -41, 49, 49, -64, -27, -120, 24, -24, 113, -127, 68, 112, 48, -118, 119, 109, -61, 56, 11, -58, 
58, -73, 99, -57, -91, 104, -94, -71, 108, 115, -54, -85, 115, 114, -71, 103, 79, 80, -106, -123, -61, 18, 84, 22, -50, 49, -110, 51, -127, -128, 
125, -85, 60, -123, 48, -17, 104, 67, -121, 99, -72, 75, 33, 60, -29, -87, 35, -21, -46, -70, 75, 107, 101, 93, 36, -72, 35, 30, 81, 36, 
19, -100, -28, 28, -28, -13, 89, -79, -37, 5, -74, 82, 48, 35, 44, 72, -38, -92, -13, -127, -125, -37, -75, 103, 26, 105, -74, -38, 55, -106, 
38, 81, -126, -77, 18, -27, 38, -122, -52, 20, 10, -69, 118, -107, 59, 65, -63, -29, -79, -88, -4, -7, -36, 88, -76, -109, -52, -52, -96, -126, 
51, -127, -9, -120, -50, 51, -114, -99, -79, -38, -74, -82, -76, -69, -37, -115, 61, -92, -126, -38, 89, 33, 1, 51, 32, 82, 23, 36, 2, 6, 
79, 4, -111, -50, 6, 79, 53, -112, -42, -22, -66, 72, 71, 89, 0, 80, 73, 67, -112, 9, 57, 32, -32, -16, 70, 112, 115, -24, 105, -5, 
40, -78, 62, -79, 82, 55, -73, 83, 50, -14, -39, 85, 16, -123, -50, 27, -65, -46, -98, -48, 43, -96, 113, 33, 44, 16, 126, -20, 30, 8, 
0, 115, -41, 61, -55, -83, 75, -53, 82, 96, 56, 83, -112, -61, -96, -1, 0, 26, -81, 29, -76, 98, 18, 91, 112, -109, 24, 29, 122, 116, 
-25, 28, 126, 117, 92, -118, -9, 35, -37, 73, 70, -52, -52, 49, -96, 108, -56, 50, 49, -37, 63, -46, -124, 17, -128, 23, 96, 15, -100, -106, 
-11, 21, 124, -58, -80, -112, -50, -95, -64, -56, -57, 7, -7, -45, 20, -79, 12, -117, 25, 32, -100, -98, 15, 31, -25, 21, 118, 50, -26, 109, 
88, -123, 21, -14, 85, 20, -74, 71, 74, 127, -107, 35, 69, -110, 6, -59, 56, -28, -116, -26, -91, 64, 67, 101, 15, -52, 120, 25, 25, -55, 
-4, 122, 84, -111, -63, 44, -77, 8, 76, -86, -69, -113, 37, -114, 0, 61, 123, 80, -43, -124, -82, 83, 1, -40, 108, -34, -63, 70, 72, 25, 
56, -25, -81, 21, 16, 92, 100, -17, 59, -127, 56, 0, -12, -26, -81, 74, -97, 49, 80, -95, 6, 70, 64, -25, 28, 99, 4, -97, -49, -21, 
85, 77, -70, -103, 8, 37, 118, -29, 32, -125, -113, -61, -118, 44, 59, -39, -22, 54, 50, 1, 57, 3, -97, 108, -102, 71, -55, 25, -38, -40, 
-11, -38, 41, -8, 33, 48, 122, -114, -124, 118, -10, -88, 100, 108, -126, 9, 36, -3, 105, -40, 22, -84, -81, 50, -115, -64, -9, -17, -59, 20, 
-16, -71, -32, 15, 126, -72, -94, -107, -115, -109, -79, -24, 94, 9, -44, 100, -118, 81, -91, 76, 30, 72, 103, -55, -124, 2, 50, -83, -55, 32, 
103, 28, 16, 61, 122, -113, 115, 94, -120, -70, 62, -9, 14, 9, 4, 100, 16, 8, -63, -9, -4, -85, -56, -84, 46, 111, 109, 111, 22, -26, 
-34, 100, 73, 98, 96, -53, -123, 7, 4, 100, 1, -126, 57, -22, 120, -82, -85, 78, -15, -82, -77, 107, -88, 67, 61, -43, -64, -72, -74, 12, 
124, -40, 81, 21, 67, 2, 48, 113, -128, 48, 71, 24, 39, -45, -46, -119, -83, 110, -114, 116, -17, -71, -95, -15, 1, -60, 26, 117, -106, -98, 
67, 7, -106, 67, 51, 12, 112, 85, 70, 7, 61, -7, 63, -96, -81, 62, 104, -64, 98, 72, 35, 3, -41, -118, -21, 60, 99, -84, -61, -83, 
-22, -47, 92, -64, 24, 66, -106, -22, -86, 28, 96, -126, 114, 88, 31, -60, -29, 35, -82, 43, -111, -110, 67, -27, -79, -64, -22, 1, -2, 127, 
-31, 68, 86, -126, -112, -79, -86, -108, -50, 56, -55, -63, -55, -49, -89, 81, 85, -83, -91, -72, 16, 50, 44, -89, 27, -50, -62, 20, 100, 22, 
35, 39, 56, -55, -50, -48, 63, 10, -80, -46, -55, 29, -78, -112, 10, -112, 11, 113, -58, 15, -7, -59, 83, 105, -89, 123, 116, 18, 51, 49, 
7, 3, 39, -112, 0, 36, 15, -90, 88, -97, -58, -90, 73, 55, -87, -67, 57, 56, -83, 13, 123, 43, 47, -35, -32, -18, 32, 2, 88, -98, 
-71, 25, -21, -7, 84, 63, -39, -81, -10, 71, 31, -70, -53, 58, -29, 47, -100, 0, 9, -9, -25, 38, -82, -64, 118, -38, 20, 4, 2, 16, 
1, -110, 48, 56, 3, -4, 106, 104, 98, 11, 2, 70, 29, 85, -53, -109, -112, 9, 7, -128, 59, 83, 76, -121, 18, 9, 18, 72, 116, -61, 
107, -115, -92, -58, 9, 108, 100, 99, 3, -89, -8, 86, 83, 72, -30, 36, 85, 14, -64, 6, 80, 48, 7, -96, 4, -114, 107, -87, -44, -83, 
-106, 120, -126, -80, 37, -44, 0, 10, -100, 99, -96, -6, 126, 117, -105, -3, -104, 33, 84, 98, -60, 19, -110, 65, 96, 114, 114, 61, 58, -43, 
69, -85, 10, 73, -34, -60, -66, 49, -42, -11, 57, 21, -20, 27, 86, -76, -113, 74, -77, -74, -118, 91, 91, 104, 54, -55, 42, 56, -113, 111, 
56, 25, 92, -79, 37, -78, 70, 56, 61, 113, -98, 47, -61, -105, 50, -117, -9, -74, -112, -109, -26, 40, 96, 24, 116, 32, 12, 117, -10, -2, 
-107, -85, -83, -22, -93, 77, -67, -44, 98, -106, -43, -90, 93, 66, -34, 48, -92, 76, -47, -31, -105, -116, -74, 57, 97, -41, 43, -112, 9, -63, 
-49, 21, -113, -31, -71, 62, -47, -30, 40, -35, -2, 86, 40, -37, 64, 39, -82, 58, 115, -109, -45, 53, -54, -101, 83, -79, -24, 56, -89, 74, 
-25, 111, 60, 59, -94, 32, 3, -100, -28, 98, -94, 91, 120, -110, 44, -53, 30, -26, 32, -19, 36, 2, 71, 39, -44, -42, -93, 68, -59, 121, 
82, 63, 10, 105, -74, 46, -96, 5, 25, 25, -21, -58, 63, 58, -24, -66, -121, 23, 41, -117, 52, 59, 48, -8, -55, 83, -97, 76, -43, 39, 
102, 70, 98, 20, 6, 39, 4, 28, -100, 17, 91, 87, 81, 18, -92, 96, -28, -116, 86, 107, -37, 98, 64, -92, -25, 36, -10, -86, 76, -122, 
-83, -79, 69, -117, 28, 48, 56, 32, 12, 1, -58, 61, -23, -54, 92, -87, 37, -114, 115, -41, 53, 43, -58, 17, -54, -11, -63, -30, -107, 86, 
49, -126, 48, 72, 57, 35, 25, -51, 50, 53, -71, 14, 66, 33, -32, 100, -126, 9, 32, 30, -68, 112, 8, -32, -5, -11, -88, -64, -120, -93, 
13, -8, -112, 96, -123, -38, 121, 7, -87, -49, 108, 127, 90, -74, -59, 89, -126, -86, 16, 15, 126, -128, 85, 107, -60, 30, 94, -27, -5, -55, 
-47, -71, -23, -33, -16, -25, 63, -123, 49, -81, 50, 39, -120, -127, -122, 4, 30, -39, 21, 93, -112, 14, 73, -63, -11, 21, 106, 73, -52, -114, 
81, -108, 12, 0, 114, 15, 7, -1, 0, -83, 80, -54, 84, 0, 84, 114, 58, -28, -11, 62, -44, 21, 4, -6, -112, 100, -98, -84, 71, -29, 
69, 53, -108, -73, 45, -112, 59, 15, 74, 41, 26, -40, -23, -106, 105, -94, -7, 88, 12, -98, -96, 96, -30, -125, 116, -54, 8, 0, 30, 115, 
-58, 49, 87, 12, 17, 42, 29, -24, 25, -79, -112, 48, 127, -99, 98, 93, -59, 118, -84, -87, 19, -92, 106, 7, -52, -52, -69, -104, -97, -89, 
74, 52, 48, 73, -34, -41, -79, 102, 75, -103, 101, 36, 59, 5, 24, -58, 113, -97, -54, -86, 73, 50, 103, 108, 109, -50, 112, -57, -48, -5, 
-26, -96, -5, 52, -80, 124, -58, -30, 73, 29, -56, 4, 55, 11, -127, -50, 63, -91, 43, 31, -33, -128, 58, 3, -64, -6, 83, 72, 77, 43, 
-17, 114, -35, -62, 31, -20, -25, -107, -125, 15, -34, -84, 106, 78, 113, -47, -119, -25, -16, 28, 123, -45, 109, 32, 31, 107, -79, 87, -31, 24, 
-119, 51, 32, -7, 112, 88, -98, -92, -14, 48, 49, -6, 84, 50, 75, 51, -62, 45, -110, 70, -38, 92, -72, 76, 18, 55, 17, -128, 72, 29, 
-15, -127, 90, 118, -106, -89, -50, -114, 71, 70, 59, 112, 1, -55, 42, 8, 29, -113, -90, 114, 126, -75, -124, -109, -71, -43, 6, -84, 90, 10, 
-94, 61, -22, 14, -30, 70, 71, 66, 50, 115, 86, -43, 39, 43, 16, -120, 39, -52, 57, 46, 9, 35, 39, -38, -104, -80, -103, 29, 21, 2, 
-112, 57, 57, 96, 56, -57, -83, 105, 91, -89, -17, 35, 86, 32, 5, 0, 14, 127, -107, 82, 118, 68, 53, -87, 29, -54, 60, 107, -75, -99, 
9, 60, -110, 7, 7, 30, -107, 28, 86, 87, 19, -92, 102, 36, -102, 86, 57, 0, 70, -92, -28, -28, -109, -45, -37, -97, 97, -51, 94, -69, 
-123, 80, 25, 75, -107, 84, 82, -50, 120, 39, 0, 18, 122, -15, 92, -106, -115, -15, 21, 52, -5, -69, -37, -85, -37, 23, -71, 82, -126, 43, 
88, 4, -69, 82, 37, -50, 72, 32, 117, -35, -63, 39, -71, 20, -100, -84, -117, -115, 55, 43, -40, -37, -41, -4, 59, -91, -1, 0, 106, 105, 
17, -21, 19, 23, -13, -94, -97, 114, 70, -61, -9, 101, 87, 119, 36, 30, 64, -11, -32, 103, 57, -30, -72, -3, 67, 68, -78, -45, 29, 94, 
-39, 111, 98, 42, -71, 18, -52, -21, 25, 99, -22, 7, 80, 49, -19, -50, 122, -6, -65, 85, -71, -42, 53, -51, 81, 117, -85, -74, -75, -45, 
86, 56, -4, -56, 99, 80, 20, 70, -125, 5, 72, 65, -109, -55, 35, 4, -11, 32, -98, -43, -52, -22, 15, 117, 36, -19, 37, -59, -61, 92, 
51, -110, 76, -123, -117, 100, -98, -68, -102, -50, -1, 0, 105, -93, -94, 49, 118, -27, -71, 41, -44, 102, -122, -12, -54, -109, -103, 48, 122, 57, 
-34, 15, -88, 57, -21, 93, 55, -122, 60, 75, 40, -70, -2, -49, -71, 98, 82, 67, -120, 92, -100, -108, 39, -94, -110, 121, 32, -10, -18, 14, 
7, 74, -30, 49, 90, 86, 112, 48, -120, 92, -119, -107, 25, 8, 100, 25, -25, 32, -28, 117, -9, 21, 81, 109, -78, -25, 24, -88, -22, 122, 
124, -47, 28, 110, 96, 0, 60, 113, -41, 53, -97, 121, 0, -122, 118, -120, -110, -84, 8, 4, 17, -56, 61, -57, 28, 86, -84, 87, 70, 88, 
32, -71, 70, 42, 93, 67, 41, 7, -112, 72, 7, 53, 74, 88, 73, 86, 57, 36, -10, -26, -83, 93, 51, -119, -91, 99, 26, 88, -108, 78, 
20, -112, 56, -56, 36, -10, -90, -127, 26, -58, -60, -97, -101, -75, 73, 113, 31, -17, -116, -19, -116, -29, 3, 7, -127, -127, -128, 42, 55, 0, 
18, -82, 8, 96, 70, 65, 56, -19, -45, 21, -95, -101, 68, -118, -24, 0, 33, 84, -110, 8, -28, 100, 14, 58, -3, 69, 70, 120, 70, -7, 
75, 41, 24, 108, -12, -25, -114, 105, -86, -54, -118, 120, -55, -12, -51, 53, -99, -48, 110, 3, 3, 56, -22, 57, 63, 74, 122, 17, -87, 15, 
-104, 82, 54, 84, 85, 36, -111, -122, 32, -110, 0, -20, 59, 1, -98, 106, -100, -128, -19, -62, -128, 15, 108, -10, -85, -123, -55, -112, -123, 5, 
-104, -114, -128, -13, 85, -92, -115, -68, -125, 62, 85, 84, 54, -48, 9, -27, -113, 112, 7, 124, 14, 73, -24, 56, -18, 69, 39, 100, 105, 11, 
-53, -28, 85, -7, -119, -61, 17, -97, -91, 21, 3, -54, 119, 31, 79, -50, -118, 87, 53, -77, 61, 34, -26, 53, -38, -122, 48, -84, 73, 0, 
-112, 14, 64, -1, 0, -21, 86, 93, -36, 0, -128, 72, 32, -109, -50, 7, 74, -72, -45, -128, -63, 80, -126, 49, -49, 57, 6, -95, -108, -7, 
-96, -122, 32, 18, 51, 66, -36, -62, -55, -93, 42, 72, 24, 72, 73, 5, -41, 0, 14, 70, 20, -98, -29, 31, 65, -41, -42, -87, -104, -53, 
-55, -98, -7, -12, -26, -75, 3, -84, 44, -63, -108, -99, -29, 0, -125, -44, -6, 126, -71, -4, 41, 69, -72, 36, -80, 80, 6, 112, 8, 29, 
71, 106, -85, -40, -101, 92, -126, -40, 24, -40, -86, -32, -77, 99, -100, -112, 71, -27, 90, -106, -56, -2, 90, 33, 80, 20, 2, 65, 3, 4, 
-13, -21, -8, -44, 113, 66, -54, 48, 14, 84, -25, -128, 42, -11, -78, 49, 94, 73, -64, -29, -109, -45, -23, 81, 38, 92, 83, 68, -111, 68, 
93, -80, -85, -112, 7, 39, -46, -76, 109, -30, -64, 4, -19, -25, 0, 114, 51, -57, -75, 85, 8, 50, 56, 39, -34, -83, -61, -128, -64, -126, 
115, -102, -126, -56, -11, 88, -119, -46, 46, -41, 108, -116, -58, 22, 1, 80, 124, -51, -107, 60, 15, 67, 94, 79, -90, 88, -59, -1, 0, 9, 
60, 118, -73, 34, 57, 18, 57, 112, -47, -125, -14, -71, 7, -124, 4, -10, 39, -126, 125, 50, 107, -44, 60, 85, 125, 53, -121, -121, 39, -72, 
-127, 14, -4, -124, 103, 4, -115, -86, 79, 60, -113, 80, 8, -4, 107, -52, 52, 88, 101, -71, -43, 100, -111, -40, 43, 21, -13, 9, -24, -57, 
36, 30, 61, 9, -2, 70, -94, 90, -76, -114, -102, 90, 69, -77, 115, -60, 23, 73, 22, -91, 112, -62, 115, -71, -30, 46, 93, 83, 12, -7, 
32, 2, 73, -50, 9, 24, 33, 64, -7, 87, 3, -82, 113, -57, 74, -26, 70, 102, -55, 57, 57, 39, -41, -36, -41, 71, 122, -77, 60, -78, 
77, 14, -102, -112, 16, -96, -18, -70, -112, 23, -57, 36, -79, 18, 30, 73, -56, -28, 12, 113, -59, 99, -73, -38, 36, -72, 42, -14, 52, -78, 
18, 50, 23, -100, -6, 126, 28, -45, -33, 68, 92, 52, -44, -95, -126, 113, -17, 93, 63, -122, -12, -120, 117, 11, 91, -55, 103, 73, -28, 48, 
-88, -40, -79, 14, 20, -100, -32, -79, 61, 6, 64, 0, 14, 73, 61, -128, 53, -114, 45, -107, 26, 101, -103, 112, -31, 14, -48, 91, -112, -64, 
-114, 14, 63, 30, -75, -41, 120, 87, 81, 93, 59, -61, -38, -126, -49, 112, 99, 71, -112, 121, 81, 28, 1, 35, 99, 12, -60, 117, 37, 64, 
0, 103, -127, -109, -36, -43, -58, 33, 82, 94, -18, -122, -81, -121, 101, -114, 93, 49, -83, 121, 45, 109, 33, 77, -60, 99, 35, 57, 31, -44, 
126, 21, -93, 40, 10, 8, -21, -111, -51, 114, 90, 45, -51, -64, -65, 120, -83, -26, 8, -110, -66, -25, 27, 114, 72, 4, -28, -125, -37, -126, 
121, -9, -82, -114, 73, 73, 108, -32, 96, -97, 90, -90, -75, 57, 27, 51, 111, 83, 7, 10, 9, -56, -29, 7, 21, -98, -28, -125, -126, 48, 
71, 97, 91, 23, 4, 60, 124, 0, 72, 63, 78, 43, 26, -32, -81, -101, -128, 115, -98, -72, -30, -86, 38, 82, 66, 100, -121, 57, 7, 4, 
-13, -109, -46, -122, 112, 8, 36, 2, 1, -58, 51, -116, -2, 84, -26, 101, 72, -114, 72, -28, -25, -23, 84, -28, -112, -110, 64, 25, 56, -56, 
29, 41, -110, -109, -72, -10, -107, 9, -32, -82, 73, -63, 3, -65, -75, 87, -104, -93, 54, 115, -112, 120, -63, -24, 15, -46, -94, 68, -38, -58, 
89, 14, 92, -6, 127, 13, 56, -111, -41, 35, 36, -28, -46, -67, -51, 20, 82, 122, 50, 7, 80, 24, -100, 126, 84, 84, -32, 38, 73, 28, 
-3, 40, -96, -66, 99, -94, 87, 115, -110, -114, -89, -39, -13, -113, -52, 84, -2, 110, -40, -63, 32, 110, -57, 56, -25, 39, -38, -79, -30, -105, 
61, 15, 83, -100, -125, -42, -84, -119, 48, 66, -126, 9, -22, 1, 52, -50, 116, -38, 47, -94, 23, 66, 24, 2, 73, -49, 78, -107, 98, 56, 
-118, 71, -55, 39, 30, -75, 90, -38, 81, -77, -100, -116, 14, 79, 82, 106, 111, -76, -87, 0, 100, -111, -98, 120, -92, -18, 92, 90, -36, -75, 
16, 80, -68, -125, -8, -118, -71, 16, 93, -103, 56, -11, 56, -84, -28, -109, 7, -127, -127, -40, 117, -85, 105, 62, 16, 30, 6, 123, 117, -88, 
104, -76, -53, -118, 65, 60, 99, -81, -32, 42, -60, 99, -26, 0, 99, 63, -91, 102, 44, -32, 17, -110, 41, -41, 58, -118, 105, -10, 83, 93, 
-54, -64, 44, 106, 72, -55, -22, 122, 1, -8, -100, 116, -87, 104, -91, -85, -48, -26, 62, 34, -33, 50, -53, 109, 106, -78, -52, -92, -87, 102, 
76, -31, 10, -28, -128, 125, -50, 65, -4, 49, 92, -82, -119, 117, 45, -99, -6, -36, 70, -78, 54, 81, -109, 8, -37, 79, -35, -63, -63, -11, 
25, -56, -9, -59, 69, -84, -22, 51, 106, -102, -117, -36, -52, -60, -110, 0, 25, 24, -64, 3, -128, 6, 79, 21, 37, -68, -30, -38, -60, 116, 
44, 79, -54, 51, -21, -126, 127, -112, -55, -10, 2, -78, -113, -67, 45, 78, -53, 114, -62, -55, 106, 58, -21, -19, 23, 50, 79, 116, -111, -52, 
-23, 35, -79, 50, -53, -55, 57, 60, -28, -9, 53, 13, -92, 30, 103, -50, -14, 114, 72, -32, -25, 7, 7, -66, 59, 84, 70, -26, 73, 33, 
88, -73, 29, -85, -50, 51, -58, 125, 106, -35, -108, 35, 102, -4, -115, -64, -12, 39, 0, -113, 74, -38, 17, 77, -35, 10, 109, -58, 36, -33, 
103, 89, 113, 38, -40, -44, 30, 72, 82, 64, 28, -29, -98, -104, 31, 74, -98, -23, -93, -102, 69, 54, -15, -120, -30, 10, 0, 80, 8, 25, 
-57, 56, -55, 39, -81, 114, 114, 106, -77, 19, -121, -29, 35, 126, 70, 15, 66, 106, 72, -103, -128, 35, -96, 61, 69, 108, -110, -71, -125, 108, 
-47, -47, 100, 100, -44, -32, 5, -120, 4, 21, -4, -63, -82, -126, -30, 125, -67, -70, 118, -82, 94, -43, -60, 83, -58, -29, -8, 88, 31, -42, 
-75, -18, 103, 12, -60, 103, 36, 30, 57, -92, -43, -39, -116, -103, 43, -35, -87, 56, 4, -126, 65, -49, -91, 102, 78, 83, 126, -32, 1, 35, 
-12, 52, -113, 33, -50, 9, -25, 53, 94, 89, -120, 124, -98, -104, -19, -17, 69, -110, 33, 38, -39, 35, -52, 72, 0, 12, -29, -14, 21, 19, 
16, 115, -69, 39, -100, -100, -102, -121, -52, -29, -109, -56, -12, -88, -38, 82, 115, -49, -46, -109, 102, -118, 37, -103, 37, 14, -27, -128, 85, -50, 
56, 3, 0, 12, 116, -88, -128, 46, -60, 3, -128, 41, -42, -74, -41, 23, -41, 113, -37, 91, 70, -46, 77, 33, -62, -86, -116, -98, -103, 57, 
-10, 0, 18, 79, -96, 53, 47, -18, -30, 24, -115, -9, -15, -126, -64, 96, 31, 82, 51, -50, 62, -75, 41, -85, -40, -90, -102, 87, 24, 9, 
-113, -8, -70, -6, 10, 40, 45, -49, 61, 104, -86, 32, -98, -39, -56, -32, -100, -118, -72, -110, 41, 96, 56, -55, 28, 12, 115, 89, -111, -80, 
28, 3, 86, 34, -111, 95, 56, -55, -57, 39, 2, -102, 100, 74, 61, 77, -120, 101, 10, 9, 32, 12, -15, -17, 68, -110, -126, 58, 19, -8, 
-12, -84, -11, -107, -64, 39, 107, 96, 28, 103, 7, -118, 105, -104, -29, 35, 36, -6, 80, 66, -66, -58, -126, -36, -78, -14, 115, -97, 106, -100, 
93, -77, 16, 65, 0, -13, -48, -42, 48, -107, -55, -64, 13, -21, -48, -44, -47, -50, 49, -56, -94, -55, -114, -19, 26, -1, 0, 105, 108, 100, 
48, 83, -40, -111, -111, 83, 78, -79, 106, 86, 50, -38, 76, 126, 89, 20, 2, 125, 14, 114, 8, -6, 17, -102, -58, 51, 18, 112, -96, -98, 
-36, 2, 106, 91, 105, -120, 96, 73, -57, 60, -46, 113, 86, 42, 50, 105, -36, -28, -75, -83, 40, -23, 23, -94, -40, -36, 36, -60, -96, 98, 
85, 72, -57, -79, -51, 85, 115, -70, 20, -21, -97, 76, 127, -97, 106, -75, -81, 79, -10, -99, 110, -23, -7, -64, 109, -93, -16, -64, -2, -107, 
88, 43, 99, -18, -79, 24, 7, -95, -12, 21, -51, 20, -82, -47, -23, -33, -35, 77, -116, 69, 32, -25, -102, -71, 0, -7, -121, 53, 16, 28, 
103, 28, 84, -79, -100, 17, -116, -30, -73, -118, 72, -50, 110, -24, -79, -114, 9, -18, 90, -97, -98, 121, -6, -45, 6, 118, -25, 105, 32, 30, 
120, 52, -27, 96, 120, -10, -83, 46, 115, -78, 85, 36, 14, 50, 106, -12, -92, -108, 86, 28, 100, 3, -41, -83, 80, 80, 113, -98, -43, 43, 
77, -5, -112, 48, 72, 81, -55, -57, 74, 46, 101, 37, 119, -96, 60, -128, 49, 39, -81, -91, 85, -106, 76, -100, -100, -5, -26, -100, -27, -50, 
88, -122, 0, 31, 67, 85, -91, -112, 0, 73, -49, 21, 45, -24, 105, 8, 14, 103, -18, 41, -95, -55, 57, 28, -3, 41, -66, 96, 42, 15, 
64, 122, 19, -59, 61, 34, 115, -122, 10, -60, 30, 7, 6, -94, -9, 53, -78, 91, -109, -37, 93, 77, 2, -56, 35, 102, 65, 42, -20, 114, 
14, 9, 92, -126, 70, 122, -32, -32, 100, 119, -94, 41, 1, -116, 12, -12, 29, -87, -101, 118, -116, -44, 0, -107, 61, 120, 39, -127, 70, -52, 
79, -34, 69, -106, 126, 104, -86, -5, -24, -94, -30, -27, 52, 18, 119, 72, -60, 104, 21, 70, 114, 72, 81, -110, 113, -114, 79, -29, -46, -70, 
15, 8, -33, 105, -38, 118, -83, 44, -102, -109, 52, 80, 52, 24, 95, -68, 114, -37, -108, -25, -27, 4, -116, -128, -60, 118, -55, 21, -52, 7, 
43, -56, 56, 61, -67, -23, 67, -110, -93, 36, 19, 77, 36, -119, -109, 109, 106, 122, 80, -15, 6, -122, -45, -39, -73, -10, -60, -59, 99, 104, 
-123, -57, -101, 20, -128, -54, 6, -15, 33, 24, 7, 27, -119, -116, -128, 113, -128, -89, 24, -49, 56, 118, 58, -98, -100, 53, -83, 74, -10, -30, 
-23, 35, -103, -101, 54, -45, -19, -108, -86, -125, -112, -60, 5, 25, -35, -126, 49, -72, 99, -82, 123, 87, 37, -68, -25, -46, -102, -51, -97, -96, 
-21, 84, 66, -119, -22, 41, -30, -113, 11, -119, 27, 117, -19, -39, 73, 100, 7, 6, 54, -52, 96, 40, -56, 97, -126, 8, 102, 7, 56, 57, 
27, -127, 29, 49, 92, -44, -65, -40, 83, -21, 90, -121, -107, 52, 48, -40, -78, 3, 106, -32, 75, -76, 48, 116, 36, 17, -126, -39, 43, -68, 
116, -58, 72, -6, -41, 36, -84, 22, 69, 110, 9, 4, 28, 17, -111, -57, -88, -18, 42, -61, -35, 73, 46, -30, -59, 114, -50, 100, 98, 20, 
2, 73, -6, 118, -12, 3, -127, -109, 73, 61, 70, -32, -84, 122, 74, 107, 62, 25, -76, 6, 27, 91, -95, 29, -72, -106, 70, -119, 81, 102, 
32, 18, 78, -46, -7, 31, 119, 4, -125, -113, -101, 36, 99, -116, -44, 55, -105, -34, 16, -103, -90, 117, 102, -98, 86, -124, 8, -28, 43, 40, 
99, 32, 86, -27, -77, -64, 25, 8, 6, 51, -17, -58, 77, 121, -4, 119, 13, 16, 102, 80, -84, 10, -107, 37, -108, 28, 100, 99, 35, 61, 
-15, -98, 123, 83, 86, 82, 1, 57, 60, 2, 105, -111, -54, -53, -42, -125, -62, -73, 58, 60, -97, 110, -112, 71, -87, -56, -110, -111, 35, 9, 
126, 89, 73, 125, -91, -74, -126, -69, 49, -27, -29, 0, -99, -37, -77, -58, 43, -86, -1, 0, -124, -125, -63, -47, 68, 109, 90, -22, 113, 14, 
66, -88, -124, 74, 16, -57, -126, -86, -89, 35, 118, 118, -80, 102, 35, -68, 96, 14, 9, -81, 47, 17, -110, -64, 96, -109, -4, -22, -41, -40, 
100, -111, 60, -35, -116, 81, 112, 9, -57, 67, -37, 53, -108, 98, -11, -78, 59, 100, -42, -105, 103, 75, -87, -97, 5, 13, 30, 81, -89, 53, 
-55, -66, -14, 71, -108, -52, -82, 1, -111, 118, 41, 4, 18, 70, 24, 6, -112, 16, 120, -55, 4, 14, 0, -79, 104, 124, 25, -10, 11, 33, 
55, -109, -10, -127, 20, 95, 105, 50, 125, -96, -110, 121, -13, 49, -73, -115, -39, -37, -113, -31, -58, -20, -10, -82, 106, 7, -74, -118, 48, -110, 
90, -106, -108, 31, -66, 79, 67, -98, -72, -4, -85, 78, 123, -72, 17, -29, 81, 102, 51, 34, 41, 3, 106, -5, -114, 61, -14, 42, -46, 118, 
37, -76, 118, 81, -8, -93, -62, -21, 112, -110, 29, 66, -4, -60, -92, 73, -80, 33, -36, -64, 54, 54, -100, 1, -13, -112, 73, 36, 16, 48, 
78, 57, 56, -84, 11, -21, -113, 9, 71, 101, 44, 118, 48, -117, -117, -95, 110, -54, 38, -112, 74, -69, -91, -52, 88, 96, 50, 0, -50, 101, 
60, -128, 1, 0, 99, 24, 39, -99, -44, -82, -95, -110, 51, 12, 118, -34, 92, -118, 87, 45, -127, -40, 16, 71, 30, -71, -51, 87, 123, 121, 
34, -127, 100, -108, 20, 15, -54, -87, 24, 36, 122, -29, -80, -2, 116, -46, 119, 35, -107, 35, -87, -79, -105, -62, -23, -95, 70, -41, 72, 100, 
-44, 60, -73, 44, -103, -108, 55, -104, 3, -107, -55, 7, 110, -46, 68, 107, -128, 51, -122, 98, 72, 32, 26, -45, -45, -81, 124, 57, -90, 92, 
-35, -67, -90, -91, 26, -92, -122, 114, -87, -78, 124, 16, 66, -104, 65, -54, -1, 0, 9, -13, 51, -49, 82, 58, -114, 71, -97, -126, 64, -55, 
-64, -29, 20, -87, 38, 15, 29, -3, 104, 126, 98, -27, 61, 23, 80, -42, 124, 31, -88, -38, -117, 121, -18, -82, -43, 90, 71, 118, 80, -116, 
85, 10, -126, 23, 24, 0, -112, 112, 72, -28, 16, 91, 7, -127, -102, -59, -70, -121, -63, 18, -38, -34, 45, -83, -37, -59, 114, -19, 44, -106, 
-58, 104, -27, -38, -118, -64, 20, -116, -29, 36, -108, -63, 4, -32, -125, -69, -87, -57, 28, -125, -109, -72, -30, -93, -28, 48, 35, -33, 53, 44, 
-72, -85, 29, 111, -122, -17, 124, 61, -89, -38, -64, -41, -47, -52, 47, 11, -52, 101, -110, 61, -7, 84, -38, -66, 90, -128, 24, 3, -106, -55, 
35, -37, -110, 56, -82, -76, 120, -101, -61, 48, -123, 72, 110, -125, 65, 31, -108, -85, 19, 121, -28, -76, 99, 62, 98, -110, 64, -55, 39, 0, 
19, -22, 73, -81, 46, 87, 42, -92, 6, 35, 112, -63, 0, -11, 25, 7, 7, -15, 2, -123, 3, -53, 102, -36, -125, 110, 62, 82, 121, 57, 
39, -96, -10, -57, 52, 108, 75, 92, -57, -96, 106, 26, -97, -126, -81, 86, 54, -72, -102, -22, -31, -95, 81, -79, 29, 93, 75, 5, 102, 44, 
-92, -116, 0, 92, 21, 3, 0, -127, -80, 30, 50, 115, -62, -21, 34, -64, 106, -73, 3, 75, 119, 123, 16, 64, -123, -92, 82, 24, -115, -93, 
57, 7, -112, 115, -100, -2, -100, 98, -86, 19, -100, -26, -93, 61, 9, -26, -109, 101, 69, 88, 9, -49, 122, 41, -124, -29, -42, -118, -101, -105, 
98, -45, -110, 78, 0, 60, 26, 96, 39, 112, 28, -13, 76, -13, 67, 28, -10, -51, 72, 101, 0, 96, -13, -23, 85, 116, -11, 51, -27, 104, 
-104, -97, -56, -44, 110, -64, 28, 100, 12, -13, -55, -92, -33, -58, 51, -17, 93, 7, -122, -75, -21, 125, 46, -61, 91, -122, -32, 91, -105, -102, 
-52, -3, -112, -53, 103, 28, -92, 92, 6, 80, 8, 44, -92, -88, -37, -68, 117, 3, -97, 92, 80, -35, -74, 8, -57, -71, -49, -125, -56, -2, 
-76, -32, 112, 58, -113, -82, 107, 123, -62, -102, -98, -119, 97, 6, -86, -70, -51, -80, -72, -13, 82, -36, 64, -127, 121, -54, -50, -84, -60, 54, 
14, -33, -108, 28, -15, -56, -56, -17, 87, 52, -35, 91, 67, -121, -30, 117, -58, -89, 58, 69, -3, -120, -41, 87, 47, 24, 54, -39, 80, -116, 
28, 71, -5, -68, 28, 0, 74, -100, 96, -29, 29, 56, -91, -52, -54, 112, 57, 112, -60, -127, -13, 100, 123, 26, -48, -46, -115, -113, -38, -44, 
106, 18, -76, 118, -8, 59, -103, 115, -112, 113, -57, 99, -57, -31, 75, -81, 92, -61, 119, -84, -51, 53, -68, -48, -51, 19, 5, -38, -15, -57, 
-80, 96, 40, 24, -58, -60, -28, 16, 114, 118, -116, -5, -11, -85, -34, 20, -69, -45, -20, 117, 121, 39, -44, 36, -73, -114, 51, 103, 60, 113, 
-55, 44, 94, 106, -92, -84, -124, 70, -59, 112, 115, -122, 32, -12, 56, -59, 105, 25, 52, -81, 98, 28, 47, -91, -51, 52, -66, -48, -12, -21, 
25, 77, -9, -121, -30, -44, 45, -61, 17, 13, -11, -83, -34, -45, -100, 100, 100, 109, -56, -6, -112, 61, 57, -59, 60, -4, 72, -48, -37, 79, 
-5, 50, -8, 72, 36, -104, 3, -49, 75, -64, 25, -108, 16, 112, -61, 102, 14, 64, -63, -10, 39, -65, 53, -87, -89, -38, -23, 126, 32, -15, 
29, -60, 54, 26, 92, 83, 89, -49, 28, 105, 44, -79, -37, 60, 68, -112, -86, 36, -111, 81, 112, 20, 51, 2, 66, -10, -56, -23, -100, 85, 
63, 30, 120, 50, -1, 0, 84, -70, -73, -44, -76, 31, 13, 94, 66, 4, 70, 27, -85, 56, -19, -108, 52, 78, -92, -20, 98, -79, -109, -116, 
-95, 92, -97, 85, 36, -11, -91, 86, 83, -115, -102, 123, -111, 74, 20, -26, -36, 100, -74, 53, 116, 95, 11, -24, 126, 63, -45, 87, 81, -47, 
-124, 86, 55, 107, 35, 71, 54, -100, -41, 1, -35, 112, 120, 35, 56, 36, 16, 65, 7, 29, 65, 28, -30, -90, -75, -16, -42, -101, -85, 107, 
-79, -40, 71, 113, 9, -65, -80, -126, 85, -71, -127, 14, 89, 29, 28, 41, 39, -24, 79, -67, 73, -81, 120, 54, 125, 91, -62, 18, 73, 111, 
-94, -82, -106, 108, 126, -49, 35, 92, 94, 91, -83, -71, 101, 91, 112, 28, 70, 66, -122, 25, -109, 118, 67, 22, -55, 0, -126, 51, -118, -30, 
-37, 88, -16, -1, 0, -4, 32, -125, 79, 43, -27, 107, -30, 9, 75, -34, 121, 68, -106, 62, 126, -31, 17, 56, 39, 44, -89, 59, -13, -111, 
-76, 41, 32, 19, -103, 88, -118, -119, 107, 97, -53, 11, 9, -53, 73, 53, 99, -96, -15, 28, 62, 23, -8, 127, 121, 111, 111, 61, -116, 122, 
-18, -91, 42, -103, 29, 69, -56, 85, -73, -23, -115, -64, 3, -110, 78, 78, 14, 48, 0, -11, -82, 126, -1, 0, -58, -6, 13, -34, 89, 60, 
44, 22, -26, 78, 30, 105, 46, -9, -111, -2, -24, -40, 0, -4, 65, -10, -82, 103, 78, -16, -42, -71, -85, -82, -3, 55, 71, -66, -70, 66, 
126, -4, 54, -20, -53, -7, -127, -113, -42, -67, 95, 67, -16, -3, -75, -105, -123, 44, -84, -75, 127, 14, -75, -67, -4, 112, -56, 103, -70, -72, 
-127, 57, -3, -15, 101, -116, -25, -98, 84, -28, -72, 63, 46, -48, 56, 4, -26, 99, 82, -92, -91, -93, -36, -87, -46, -91, 8, -35, -22, 113, 
48, -55, -90, -83, -71, -71, -101, 71, 72, 81, -127, 42, -41, 51, -105, -4, -128, 3, 63, -119, -4, 43, -106, -107, -43, -91, 102, 81, -76, 19, 
-111, -58, 7, -32, 43, -45, -12, 111, 21, 104, 16, 75, -10, 93, 122, -58, 51, 110, -73, -24, -55, -27, -38, -25, -55, -115, 16, -112, -64, 1, 
-126, 11, -128, 25, 123, -122, 39, -75, 113, 26, 29, -19, -115, -76, 58, -40, -44, 85, 89, -25, -45, 101, -122, -41, 116, 91, -15, 49, 116, 42, 
65, -57, -54, 112, 27, -26, -29, 29, 59, -42, -43, 38, -37, -27, -20, 42, 20, -38, 92, -49, -87, -118, -50, 56, -28, 123, 102, -93, 39, -98, 
-75, -37, -8, 35, 85, -16, -10, -97, 107, 116, -102, -77, 36, 51, 61, -52, 101, -92, 123, 65, 63, -103, 110, 21, -125, -60, -96, -85, 5, 37, 
-118, -79, -32, 100, 12, 100, 98, -79, -68, 51, 125, -93, 105, -9, -102, -77, -22, -48, 121, -10, -46, 105, -45, -61, 110, -101, 114, 90, 66, 70, 
-52, 28, 29, -121, 0, -4, -40, -29, -15, -84, 28, -103, -47, 24, -93, 8, -53, -57, 29, -69, -25, 31, -83, 34, -71, 32, 41, 33, 84, -98, 
78, 114, 65, -82, -117, -60, 26, -66, -97, 39, -114, 110, 117, 77, 14, 56, -110, -64, 73, 27, 68, -65, 102, 80, -118, 2, 42, -74, 99, 97, 
-114, -95, -70, -114, 79, 61, -22, 31, 25, 106, -106, 122, -65, -118, 47, -82, -12, -1, 0, 32, 88, -76, -52, -74, -87, 21, -72, -124, 44, 64, 
-4, -71, 80, -96, 100, -28, -14, 114, 120, -25, -75, 46, 107, -113, -107, 35, 21, -104, 12, -86, -79, 108, 19, -125, -45, 35, -73, 20, -45, 35, 
-7, 108, 3, -107, 82, 70, 80, 19, -122, -57, 66, 71, 67, -116, -98, -75, 27, -71, 118, 44, 73, 36, -11, -90, -110, 64, 38, -117, -24, 9, 
88, 118, 73, -94, -93, 14, 104, -91, 116, 59, 18, -128, 1, 29, -49, 92, -44, -103, -18, 73, -56, -28, 31, 74, -128, -80, 7, -100, 82, -17, 
39, -114, -65, 74, 105, -92, 38, -101, -44, -73, 5, -28, -10, -37, -102, -34, 102, -116, -72, -61, 109, 56, -56, -50, 113, 76, 67, 1, -122, 83, 
36, -114, -78, -88, 95, 41, 2, -28, 49, 39, -110, 73, 60, 0, 7, -95, 36, -111, -48, 100, -43, 112, 88, 113, -125, -49, -79, -87, -115, -83, 
-47, 27, -68, -119, 113, -41, 59, 14, 41, 55, -43, 13, 43, 110, 52, 61, 72, -84, 49, -55, -90, 53, -75, -52, 106, 89, -19, -28, 80, 48, 
9, 42, 64, -10, -89, 61, -67, -52, 74, 89, -19, -27, 69, 7, 4, -107, 32, 102, -102, -111, 46, 36, -86, -32, 118, 7, -21, -51, 76, -73, 
114, -88, 1, 31, -53, -1, 0, 116, 0, 127, 48, 51, 84, -107, -71, 27, -73, 40, -63, -28, 12, -102, -107, 33, -71, -111, 3, 44, 18, -70, 
-98, -124, 41, 32, -10, -85, 83, 33, -64, -39, -78, -15, 5, -59, -119, 15, 19, 59, 74, 58, 59, -71, 56, -6, 12, -41, 79, 105, -15, 31, 
-60, 5, 118, 38, -94, -80, -86, -11, 124, 12, -25, -40, 116, -4, 78, 107, -49, -68, -117, -112, 9, 48, 74, 7, -82, -45, -23, -97, -23, 82, 
74, -73, -110, 31, 55, -20, -50, -71, 80, 23, 100, 100, 0, 0, -29, 3, -23, -49, -21, 90, 42, -37, 39, -86, 51, 120, 120, -73, 126, -84, 
-10, 23, -8, -62, 95, 79, 91, 77, 66, 8, -81, -94, -108, 21, -102, 57, 20, 16, -54, 48, 48, 65, -18, 121, 62, -36, 119, -82, 75, 73, 
-125, -61, -102, 78, -81, 113, -82, -34, 90, -101, -101, 37, 59, -20, -84, -28, -28, 43, 18, 120, 112, 122, -123, -58, 57, -32, -16, 78, 122, 87, 
55, 29, -82, -100, 18, 50, 86, 127, 52, 109, 46, 8, 110, 9, -21, -37, -41, 53, 97, -115, -76, -64, -62, -23, 63, -110, -89, 0, -128, -3, 
8, -56, -19, -41, 36, -11, -11, -93, -98, -101, -35, 19, -20, 38, -76, -116, -103, -23, -41, -33, 25, -28, -106, 49, 29, -116, -118, -91, 113, -75, 
93, 64, 82, 49, -45, 3, -89, 108, 87, -98, -8, -109, -58, 51, 120, -118, -32, 125, -90, 51, 9, 83, -50, -64, 49, -7, 86, 4, -74, 54, 
-30, -35, -91, -116, -49, -72, -116, -94, -20, 59, 73, -49, 24, 36, 114, 58, 115, 85, 12, 23, 59, -80, 97, -105, 118, 7, 5, 78, 112, 115, 
-113, -28, 127, 42, 74, -86, 90, 36, 82, -61, 43, -34, 77, -79, -14, 2, -116, 74, -66, 84, -12, 32, -45, 124, -42, -18, -60, -113, 126, 105, 
81, 46, -93, 100, -112, 91, -71, -63, 5, 119, 71, -112, 79, -48, -16, 126, -108, -97, 102, -70, 32, -109, 111, 47, 7, -97, -112, -15, -11, -88, 
114, -42, -26, -36, -70, 13, 99, -114, 104, -72, 95, 45, -111, 68, -120, -7, 69, 114, 99, 57, 3, 32, 28, 19, -22, 51, -126, 59, 28, -118, 
62, -51, 116, -54, 8, -126, 66, 27, -95, 10, 121, -17, -59, 52, 91, 92, 22, 3, -20, -14, -25, 25, -58, -61, -45, -90, 106, 28, -82, 82, 
-115, -120, -40, 13, -96, -18, 4, -100, -28, 122, 83, 48, 70, 48, 78, 0, -25, -118, -79, -10, 75, -125, -1, 0, 44, 36, 61, 127, -124, -10, 
-21, -7, 83, 22, -34, 103, -112, -58, -112, -56, 88, 12, -107, 10, 73, 31, 81, -8, -44, -78, -111, 17, 108, 113, -59, 63, 49, 24, 9, 44, 
-2, 110, -17, -69, -76, 109, -37, -114, -71, -50, 115, -100, 113, -114, -99, -23, 77, -99, -50, 127, -29, -34, 92, -114, -93, 105, -88, -103, 89, 28, 
-85, -87, 86, 7, 4, 17, -126, 15, -67, 38, -40, -43, -125, 0, 99, -111, -49, 61, 104, -87, 86, 71, -123, 113, -27, -58, 119, -31, -125, 72, 
-128, -16, 50, 56, -56, -23, -12, -12, -94, -90, -27, 88, -98, -43, -126, -38, 95, 49, -98, 24, -55, 69, 80, -84, -101, -99, -14, -64, -31, 78, 
62, 94, 6, 73, -29, -127, -114, -8, 38, -105, 112, -80, 93, -115, -52, 85, 92, 109, -56, 80, 123, -116, 103, 36, 113, -111, -55, -89, -63, 117, 
6, -107, 117, 44, -74, -84, 103, -103, 64, -5, 60, -20, -95, 85, 27, -116, -74, -46, 14, 79, 80, 51, -116, 112, 113, -98, 2, 104, -31, -115, 
-29, 72, -86, -116, -24, -123, -105, 113, 97, -125, -64, -56, 35, -65, 61, -8, -26, -108, 91, -72, -28, -107, -115, -63, 112, -82, -47, -85, 95, 70, 
-86, -54, -59, -120, 81, -14, -98, 56, 57, 63, 90, -113, -49, 30, 85, -54, 125, -86, 48, -118, 48, -96, 0, 11, 2, 6, 78, 73, -29, -1, 
0, -83, 79, 50, -34, -127, -128, 99, -55, -56, -31, -28, -29, -114, 120, -59, 50, 111, -75, -49, 20, -79, 17, 110, -69, -44, 46, -31, -72, -111, 
-116, 16, 71, 30, -96, 85, -36, -54, -62, -69, -60, -21, -80, -34, 33, 1, -127, -50, -47, -55, -50, 51, -7, 12, -2, 52, -1, 0, 49, 124, 
-40, 66, -33, 33, 10, 9, -36, 54, -114, 65, 0, 3, -109, -125, -63, 53, 78, -43, -11, 73, 39, -97, 116, -30, 97, 24, 12, 68, -116, 64, 
36, -100, -15, -57, -79, -21, -127, 81, -53, 121, 115, 45, -102, 64, 60, -88, -54, -111, -75, -68, -18, 65, 4, 30, 115, -41, -100, 125, 51, 69, 
-62, -59, -29, 50, -77, -60, -58, -19, 119, 110, 98, 112, -96, -127, -11, -25, -66, 7, -21, 76, -71, -98, 72, -118, -91, -75, -27, -77, -125, -105, 
102, -112, -127, -126, 8, -58, 8, -17, -125, -7, 10, -128, 106, 119, 49, 40, 12, 33, -7, -100, 18, -58, 82, 72, 39, -116, -97, 110, 115, 83, 
-7, -9, -122, -32, 91, -120, -96, 111, 51, 113, 86, 109, -64, 28, 12, 28, -116, 100, 112, 127, 90, 46, 22, -80, 125, -87, -66, -51, 35, 11, 
-76, -13, 55, 16, -96, -128, 115, -14, -29, 62, -67, -56, -90, -39, 93, -105, -35, 4, -109, -86, 52, 64, 42, -80, 85, 10, 84, -127, -36, -98, 
-67, 106, 118, -122, -5, 108, 35, 101, -80, 72, -16, 87, 14, -8, 32, 17, -44, -30, -95, -76, -75, -44, 117, 11, -51, 73, 34, -69, -114, -35, 
-20, -84, -98, -22, 77, -92, -111, 32, 76, 18, 7, 29, 78, -18, -8, 28, 81, 118, 22, 21, -116, 102, 70, -101, -19, -88, 89, -107, 1, 0, 
1, -112, 24, 28, 117, -64, 32, -11, -91, -102, -17, 19, -86, 45, -28, 108, -78, -112, 29, -120, 80, 0, 0, -125, -125, -100, 103, 0, 99, 61, 
115, 91, -80, -8, 127, 82, -5, 85, -107, -102, -53, 99, -70, -26, -22, -38, 5, 39, -52, 33, 90, -30, 33, 48, 39, -40, 3, -125, -33, 61, 
56, -84, -53, 123, 89, 111, -68, 61, 125, -86, -103, -12, -31, 14, -98, -37, 39, -118, 77, -59, -61, 17, -120, -54, -116, 96, -18, 59, -128, 35, 
-95, 82, 78, 6, 40, 18, 43, 49, 79, 36, 65, -10, -92, 42, -79, -128, 6, 20, -109, -76, -128, 6, 65, -21, -118, -115, -18, 119, -85, 76, 
-105, 41, -26, 50, -123, 0, -88, 0, 96, -100, 113, -41, -71, -26, -84, -37, 73, 115, 119, -31, -53, -67, 93, 37, -75, 11, 109, 60, 86, -17, 
110, 75, 25, 14, -16, -37, 91, -90, 49, -63, -25, 36, -110, 15, 3, -67, -97, 22, -23, 87, -2, 26, -66, -78, -77, -69, -69, -74, 86, -107, 
76, -126, -30, -35, 92, -123, -38, 89, 8, -28, 114, 9, 7, -89, 98, 50, 7, 74, 7, -42, -58, 101, -68, -91, -30, -52, -105, 17, 3, 19, 
-99, -125, -128, 78, 6, 65, 32, -109, -111, -109, -38, -84, 44, -24, -111, -53, -117, -8, -58, -32, 72, -56, 4, -110, 115, -111, -6, -97, -62, -85, 
-61, 118, -14, -87, 88, -25, -114, -25, 43, -121, 113, 28, -124, -81, 3, 4, -116, 119, 57, -23, -23, -12, -87, 25, -82, 51, 24, 45, 31, -18, 
-40, 17, -5, -87, 14, 72, -50, 7, 78, -7, -95, 48, 104, 116, -109, -94, -92, 106, -73, -79, -80, 89, 2, -113, -108, 112, 1, 0, 19, -113, 
98, 77, 50, 75, -97, 46, -31, 89, 46, 81, -60, -104, -115, -50, -48, 66, -88, 60, 30, 56, -18, 78, 106, 69, -72, -100, 72, -14, 47, -110, 
-34, 102, 14, 4, 82, 99, -127, -114, 56, -12, 25, -1, 0, -11, 85, 56, -75, 65, 5, -71, -116, 79, 8, 104, -61, 109, 5, 100, 36, -98, 
112, 58, 99, 39, -33, -127, -102, 77, -115, 34, -62, 78, -111, -50, 73, -68, 65, -112, 73, 56, 24, 4, -18, 36, 117, -57, 97, -7, -118, 79, 
-74, 52, 75, 60, -117, 112, -101, -108, 22, 85, 10, 9, 98, 64, -2, -93, -73, -95, -86, 7, 89, -98, 120, 94, 37, -74, 82, 88, 55, 43, 
-110, 64, 56, 25, -4, 49, 78, -121, 85, -66, -117, 38, 72, 36, -107, -50, 65, 118, -36, 9, -55, -49, 97, -41, -102, 105, -123, -115, 54, -99, 
21, -93, 117, -68, -116, -106, 32, 17, -128, 54, -128, 15, 56, -4, 107, -103, -70, -107, -28, -68, -106, 86, 32, -79, 114, 73, 0, 99, -81, -91, 
116, 22, 55, 58, -122, -91, 112, -47, 71, 109, 26, -99, -124, -26, 66, -64, 99, -89, 94, -68, 102, -79, 117, 49, 42, 106, -105, 2, 101, 69, 
-108, 63, -52, 20, -27, 65, -10, -49, 95, -58, -109, 122, 14, 42, -52, -86, -46, 59, -112, 89, -40, -32, 109, 25, 99, -64, -12, 30, -44, 83, 
-27, -108, -69, 110, 10, 50, 122, -100, 117, 57, 57, -6, 117, -19, 69, 65, 122, 21, -13, -109, -51, 92, -116, -57, 13, -84, -113, -25, 74, -105, 
91, -108, 36, 106, -72, 5, 72, 36, -110, 115, -12, -64, -57, 114, 114, 49, -51, 58, 127, -102, -7, -36, 78, 73, 92, 18, 121, -10, -92, -58, 
-119, 13, -43, -50, 48, 102, -109, 7, -98, 73, -26, -84, 64, 110, 39, -114, -30, 79, -75, 50, 44, 49, -17, 57, 36, -18, -28, 0, 6, 59, 
-28, -114, -68, 0, 13, 82, 36, -98, -92, -100, 112, 41, 67, 48, -116, -128, -57, 105, 35, 35, -79, -94, -31, 100, 41, -102, 82, -52, 76, -116, 
75, 12, 49, -49, 95, 99, 81, -28, -6, -102, 40, -90, 33, 115, -18, 127, 58, -107, -18, 38, -112, 34, -68, -46, 48, 65, -123, 12, -60, -123, 
-6, 122, 84, 52, -8, -56, 18, 3, -128, 113, -40, -9, -96, 44, 92, -72, -122, 43, 123, 75, 105, 22, -11, 102, -102, 85, 102, 120, -109, 63, 
-70, 29, 0, 39, -90, -29, -55, -64, -24, 49, -50, 73, 1, -74, -70, -83, -3, -107, -75, -35, -75, -75, -36, -79, 67, 120, -95, 46, 17, 91, 
2, 69, 7, 32, 31, 81, -98, -43, 76, -46, 10, 53, 7, 99, 101, -68, 81, -82, 50, -40, 43, 106, -73, 68, 88, 16, -42, -96, -56, 79, 
-108, 64, -64, 35, -36, 0, 0, -12, 3, 29, 42, 43, -67, 127, 85, -66, -5, 95, -38, 111, -90, -105, -19, -123, 13, -64, 102, -1, 0, 90, 
80, 97, 9, -11, -58, 78, 43, 50, -108, 83, 76, -99, 13, 43, 109, 123, 85, -78, -46, -26, -45, 45, -17, -90, -118, -58, 118, -35, 44, 10, 
112, -84, 120, -28, -113, -64, 83, 53, 61, 103, 82, -42, -90, 73, 53, 43, -39, -82, -99, 20, -86, 25, 27, 56, 4, -110, 127, 50, 73, 39, 
-87, 39, 38, -87, 82, 98, -104, 105, 113, -92, 96, -30, -90, -114, 73, -120, 9, 27, 49, 61, 21, 84, 100, -44, 84, 33, 32, -28, 18, 15, 
-75, 38, 82, 21, -28, 105, 8, 44, 114, 71, 3, -128, 41, -76, 81, 64, -119, 17, -38, 63, -102, 54, 96, 72, -63, -64, -89, -3, -86, 108, 
-126, 36, 110, 62, -107, 14, 126, 92, 118, -51, 20, -48, 88, -98, 59, -37, -104, -91, 73, 99, -99, -46, 68, 36, -85, 41, -58, 62, -107, 11, 
-77, 59, -106, 98, 75, 19, -110, 73, -50, 115, -22, 105, -67, -23, -63, 65, -115, -49, 113, -116, 82, 4, 32, 4, -12, 4, -29, -114, -108, 80, 
9, 28, 2, 113, 69, 0, 127, -1, -39};